src/viewer/etc/lat.raster
north: 450000
south: -650000
east: 600000
west: -400000
rows: 550
cols: 500
[rows 504 to 539 of 550, columns 320 to 399 of 500]
N N N N N N N N 32.957844 32.957321 32.956795 32.956264 32.955727 32.955189 32.954647 32.954098 32.953548 32.952991 32.952431 32.95187 32.951302 32.950729 32.950153 32.949574 32.94899 32.948402 32.947811 32.947216 32.946613 32.946011 32.9454 32.94479 32.944172 32.943554 32.942928 32.942299 32.941666 32.941032 32.940392 32.939747 32.939098 32.938442 32.937786 32.937126 32.936459 32.935791 32.93512 32.934441 32.933758 32.933075 32.932384 32.93169 32.930992 32.93029 32.929585 32.928875 32.928162 32.927444 32.926723 32.925995 32.925266 32.924534 32.923794 32.923054 32.922306 32.921555 32.920799 32.920044 32.919281 32.918514 32.917744 32.916969 32.916187 32.915405 32.914619 32.913826 32.913033 32.912235 32.91143 32.910622
N N N N N N N N 32.939796 32.939274 32.938747 32.938217 32.937683 32.937141 32.9366 32.93605 32.935501 32.934944 32.934387 32.933823 32.933254 32.932686 32.93211 32.93153 32.930946 32.930359 32.929768 32.929169 32.92857 32.927967 32.927357 32.926746 32.926128 32.92551 32.924885 32.924255 32.923622 32.922989 32.922348 32.921703 32.921055 32.920403 32.919743 32.919083 32.918419 32.917747 32.917076 32.916397 32.915718 32.915031 32.914345 32.913651 32.912952 32.912251 32.911545 32.910835 32.910122 32.909405 32.908684 32.907955 32.907227 32.906494 32.905754 32.90501 32.904266 32.903515 32.90276 32.902004 32.901241 32.900475 32.899704 32.89893 32.898151 32.897369 32.89658 32.89579 32.894997 32.894196 32.893394 32.892586
N N N N N N N N 32.921749 32.921227 32.9207 32.92017 32.919636 32.919094 32.918552 32.918007 32.917454 32.916901 32.91634 32.915775 32.915211 32.914639 32.914062 32.913483 32.912899 32.912312 32.91172 32.911125 32.910526 32.90992 32.909313 32.908703 32.908085 32.907463 32.906841 32.906212 32.905579 32.904945 32.904305 32.90366 32.903011 32.902359 32.901699 32.901039 32.900375 32.899708 32.899033 32.898357 32.897675 32.896992 32.896301 32.895607 32.894909 32.894207 32.893505 32.892796 32.892082 32.891361 32.89064 32.889915 32.889187 32.888451 32.887714 32.886971 32.886227 32.885475 32.88472 32.883965 32.883202 32.882435 32.881664 32.88089 32.880112 32.87933 32.878544 32.87775 32.876957 32.87616 32.875355 32.87455
N N N N N N N N N 32.903179 32.902653 32.902122 32.901588 32.901047 32.900505 32.89996 32.899406 32.898853 32.898293 32.897732 32.897163 32.896591 32.896015 32.895439 32.894855 32.894268 32.893673 32.893078 32.892479 32.891876 32.89127 32.890656 32.890041 32.88942 32.888798 32.888168 32.887535 32.886898 32.886257 32.885616 32.884968 32.884312 32.883656 32.882996 32.882332 32.881664 32.880989 32.880314 32.879631 32.878948 32.878258 32.877563 32.876869 32.876167 32.875462 32.874752 32.874039 32.873322 32.872601 32.871876 32.871143 32.870411 32.869675 32.868931 32.868187 32.867435 32.86668 32.865925 32.865162 32.864395 32.863625 32.86285 32.862072 32.86129 32.860504 32.859715 32.858917 32.85812 32.857315 32.85651
N N N N N N N N N 32.885132 32.884605 32.884075 32.883541 32.882999 32.882458 32.881912 32.881359 32.880806 32.880245 32.879684 32.879116 32.878544 32.877972 32.877392 32.876808 32.876221 32.875629 32.875034 32.874435 32.873829 32.873222 32.872612 32.871994 32.871376 32.87075 32.870121 32.869492 32.868855 32.868214 32.867569 32.86692 32.866268 32.865612 32.864952 32.864288 32.863621 32.862946 32.86227 32.861588 32.860905 32.860214 32.859524 32.858826 32.858124 32.857418 32.856709 32.855995 32.855278 32.854557 32.853832 32.853104 32.852367 32.851631 32.850891 32.850143 32.849396 32.84864 32.847881 32.847122 32.846355 32.845585 32.84481 32.844032 32.84325 32.842464 32.841675 32.840878 32.84008 32.839279 32.83847
N N N N N N N N N 32.867085 32.866558 32.866028 32.86549 32.864952 32.86441 32.863865 32.863312 32.862759 32.862198 32.861637 32.861069 32.860497 32.859924 32.859344 32.858761 32.858173 32.857582 32.856987 32.856388 32.855785 32.855175 32.854565 32.853951 32.853329 32.852707 32.852077 32.851444 32.850811 32.85017 32.849525 32.848877 32.848225 32.847569 32.846909 32.846245 32.845573 32.844902 32.844227 32.843544 32.842861 32.842171 32.84148 32.840782 32.84008 32.839375 32.838669 32.837955 32.837238 32.836514 32.835789 32.83506 32.834328 32.833591 32.832848 32.832104 32.831352 32.830601 32.829842 32.829079 32.828316 32.827545 32.826771 32.825993 32.825211 32.824425 32.823635 32.822838 32.822041 32.821239 32.820431
N N N N N N N 32.850075 32.849556 32.849033 32.848507 32.847977 32.847443 32.846905 32.846363 32.845814 32.845264 32.844711 32.844151 32.84359 32.843021 32.842449 32.841877 32.841297 32.840714 32.840126 32.839535 32.83894 32.838341 32.837738 32.837128 32.836517 32.835903 32.835281 32.83466 32.83403 32.833401 32.832764 32.832123 32.831478 32.830833 32.830181 32.829525 32.828861 32.828197 32.82753 32.826859 32.826183 32.8255 32.824818 32.824127 32.823437 32.822739 32.822037 32.821331 32.820625 32.819912 32.819195 32.818474 32.817749 32.817017 32.816284 32.815548 32.814808 32.81406 32.813313 32.812557 32.811802 32.811039 32.810272 32.809502 32.808727 32.807953 32.807171 32.806385 32.805592 32.804798 32.804001 32.8032 32.802391
N N N N N N N 32.832024 32.831505 32.830986 32.83046 32.829929 32.829395 32.828854 32.828312 32.827766 32.827217 32.82666 32.826103 32.825539 32.824974 32.824402 32.823826 32.82325 32.822666 32.822079 32.821487 32.820892 32.820293 32.819691 32.819084 32.81847 32.817856 32.817238 32.816612 32.815987 32.815353 32.814716 32.814079 32.813435 32.812786 32.812134 32.811478 32.810818 32.810154 32.809486 32.808811 32.808136 32.807457 32.80677 32.806084 32.805389 32.804695 32.803993 32.803288 32.802582 32.801868 32.801151 32.80043 32.799706 32.798977 32.798241 32.797504 32.796764 32.796017 32.795269 32.794514 32.793758 32.792995 32.792233 32.791462 32.790688 32.789909 32.789127 32.788342 32.787552 32.786758 32.785961 32.78516 32.784351
N N N N N N N N 32.813457 32.812935 32.812408 32.811878 32.811344 32.810806 32.810265 32.809719 32.809166 32.808613 32.808056 32.807491 32.806923 32.806355 32.805779 32.805199 32.804619 32.804031 32.80344 32.802845 32.802246 32.801643 32.801037 32.800423 32.799809 32.799191 32.798565 32.797939 32.797306 32.796669 32.796032 32.795387 32.794739 32.794086 32.79343 32.79277 32.792107 32.791439 32.790768 32.790092 32.78941 32.788727 32.78804 32.787346 32.786648 32.78595 32.785244 32.784534 32.783821 32.783108 32.782387 32.781662 32.780933 32.780197 32.779461 32.778721 32.777977 32.777225 32.776474 32.775715 32.774956 32.774189 32.773418 32.772644 32.77187 32.771088 32.770302 32.769512 32.768719 32.767921 32.767117 32.766312
N N N N N N N N N 32.794884 N 32.793827 32.793293 32.792755 32.792213 32.791668 32.791119 32.790562 32.790005 32.789444 32.788876 32.788303 32.787731 32.787151 32.786568 32.78598 32.785393 32.784798 32.784199 32.783596 32.782986 32.782375 32.781761 32.781143 32.780518 32.779892 32.779259 32.778625 32.777985 32.77734 32.776691 32.776043 32.775387 32.774727 32.774063 32.773392 32.77272 32.772045 32.771366 32.770679 32.769993 32.769302 32.768604 32.767902 32.7672 32.766491 32.765778 32.76506 32.764339 32.763615 32.762886 32.762154 32.761417 32.760677 32.759933 32.759182 32.75843 32.757671 32.756912 32.756145 32.755379 32.754604 32.753826 32.753044 32.752258 32.751469 32.750675 32.749878 32.749077 32.748272
N N N N N N N N N N N 32.775776 32.775246 32.774704 32.774162 32.773617 32.773067 32.772514 32.771954 32.771393 32.770824 32.770256 32.76968 32.769104 32.76852 32.767933 32.767342 32.766747 32.766148 32.765545 32.764938 32.764328 32.763714 32.763092 32.76247 32.761845 32.761211 32.760574 32.759937 32.759293 32.758644 32.757996 32.757339 32.75668 32.756016 32.755348 32.754677 32.753998 32.753319 32.752636 32.751945 32.751255 32.750557 32.749859 32.749153 32.748447 32.747734 32.747017 32.746296 32.745571 32.744843 32.74411 32.743374 32.742634 32.74189 32.741138 32.740387 32.739628 32.738869 32.738102 32.737335 32.736561 32.735783 32.735001 32.734219 32.733429 32.732635 32.731838 32.731033 32.730228
N N N N N N N N N 32.758781 32.758255 32.757729 32.757195 32.756657 32.756111 32.755566 32.755016 32.754463 32.753906 32.753342 32.752777 32.752205 32.751633 32.751053 32.750469 32.749882 32.749294 32.748699 32.7481 32.747498 32.746891 32.746281 32.745663 32.745045 32.744423 32.743793 32.743164 32.742527 32.74189 32.741245 32.740597 32.739948 32.739292 32.738632 32.737968 32.737301 32.736629 32.735954 32.735271 32.734589 32.733902 32.733208 32.732513 32.731812 32.73111 32.7304 32.729687 32.728973 32.728252 32.727528 32.726799 32.726067 32.72533 32.72459 32.723843 32.723095 32.722343 32.721584 32.720825 32.720058 32.719292 32.718517 32.717739 32.716961 32.716175 32.715385 32.714592 32.713795 32.712994 32.712189
N N N N N N N N N 32.74073 32.740204 32.739674 32.73914 32.738605 32.73806 32.737514 32.736965 32.736412 32.735855 32.735291 32.734726 32.734154 32.733582 32.733002 32.732422 32.731834 32.731243 32.730648 32.730049 32.729446 32.72884 32.72823 32.727615 32.726997 32.726372 32.725746 32.725113 32.72448 32.723839 32.723198 32.722549 32.721897 32.721245 32.720585 32.719921 32.719254 32.718582 32.717907 32.717224 32.716541 32.715855 32.71516 32.714466 32.713768 32.713062 32.712353 32.711643 32.710926 32.710205 32.70948 32.708752 32.708019 32.707283 32.706543 32.705799 32.705051 32.704296 32.703541 32.702782 32.702015 32.701248 32.700474 32.699696 32.698917 32.698132 32.697342 32.696548 32.695751 32.69495 32.694145
N N N N N N N N N 32.722679 N 32.721622 N 32.720551 32.720009 32.719463 32.718914 32.718361 32.717804 32.717239 32.716675 32.716103 32.71553 32.714951 32.714371 32.713783 32.713192 32.712597 32.711998 32.711395 32.710789 32.710178 32.709564 32.708946 32.708324 32.707695 32.707066 32.706432 32.705791 32.705147 32.704502 32.70385 32.703194 32.702534 32.701874 32.701206 32.700535 32.699856 32.699177 32.698494 32.697807 32.697117 32.696419 32.695721 32.695015 32.694309 32.693596 32.692879 32.692158 32.691437 32.690708 32.689976 32.68924 32.688499 32.687756 32.687004 32.686253 32.685497 32.684734 32.683971 32.683201 32.68243 32.681652 32.68087 32.680088 32.679298 32.678505 32.677708 32.676907 32.676102
N N N N N N N N N 32.704624 32.704102 32.703571 32.703037 N 32.701958 32.701412 32.700863 32.70031 32.699749 32.699188 32.698624 32.698051 32.697479 32.696899 32.69632 32.695732 32.695141 32.694546 32.693951 32.693348 32.692741 32.692131 32.691517 32.690895 32.690273 32.689648 32.689014 32.688381 32.68774 32.687099 32.686451 32.685802 32.685146 32.684486 32.683823 32.683155 32.682484 32.681808 32.681129 32.680447 32.67976 32.679066 32.678371 32.677673 32.676968 32.676262 32.675549 32.674831 32.674114 32.673389 32.672661 32.671928 32.671192 32.670452 32.669708 32.668961 32.668209 32.66745 32.666691 32.665928 32.665157 32.664383 32.663609 32.662827 32.662045 32.661255 32.660461 32.659664 32.658863 32.658058
N N N N N N N N N 32.686573 N N N 32.684448 N 32.683361 32.682812 32.682255 32.681698 32.681137 32.680573 32.68 32.679428 32.678848 32.678268 32.677681 32.67709 32.676495 32.6759 32.675297 32.67469 32.67408 32.673466 32.672848 32.672222 32.671597 32.670967 32.67033 32.669693 32.669048 32.668404 32.667751 32.667095 32.666439 32.665775 32.665108 32.664436 32.663761 32.663082 32.662399 32.661713 32.661018 32.660324 32.659626 32.65892 32.658215 32.657501 32.656784 32.656067 32.655342 32.654613 32.653881 32.653145 32.652405 32.651661 32.650913 32.650162 32.649406 32.648643 32.647881 32.647114 32.646339 32.645565 32.644783 N N N N N N
N N N N N N N N N N N N N 32.666393 N 32.665306 32.664757 32.664204 32.663647 32.663086 32.662518 32.661949 32.661373 32.660797 32.660213 32.65963 32.659039 32.658443 32.657848 32.657246 32.656639 32.656029 32.655415 32.654797 32.654171 32.653545 32.652916 32.652279 32.651642 32.651001 32.650352 32.6497 32.649048 32.648388 32.647724 32.647057 32.646385 32.64571 32.645031 32.644348 32.643661 32.642971 32.642277 32.641575 32.640873 32.640163 32.639454 32.638737 32.63802 32.637295 32.636566 32.635834 32.635098 32.634357 32.633614 32.632866 32.632114 N N N N N N N N N N N N N
N N N N N N N N N N N N N N N N 32.646706 32.646149 32.645592 32.645031 32.644466 32.643894 32.643322 32.642746 32.642162 32.641575 32.640987 32.640392 32.639793 32.639191 32.638588 32.637978 32.637363 32.636745 32.63612 32.635494 32.634865 32.634232 32.633591 32.63295 32.632301 32.631653 32.630997 32.630337 32.629677 32.629009 32.628338 32.627663 32.626984 32.626301 32.625614 32.62492 32.624226 32.623528 32.622826 32.622116 32.621407 32.620689 32.619968 N N N N N N N N N N N N N N N N N N N N N
N N N N N N N N N N N N N N 32.629745 N 32.628651 32.628098 32.627541 32.626976 32.626411 32.625843 32.625267 32.624691 32.624111 32.623524 32.622932 32.622341 32.621742 32.62114 32.620533 32.619923 32.619308 32.61869 32.618069 32.617443 32.616814 32.61618 32.61554 32.614899 32.61425 32.613602 32.612946 32.612286 32.611626 32.610958 32.610287 32.609612 32.608932 32.60825 32.607563 32.606873 N N N N N N N N N N N N N N N N N N N N N N N N N N N N
N N N N N N N N N N N N N N N N 32.610596 32.610043 32.609486 32.608925 32.608356 32.607788 32.607216 32.606636 32.606056 32.605469 32.604881 32.604286 32.603687 32.603088 32.602482 32.601871 32.601257 32.600639 32.600018 32.599392 32.598763 32.598125 32.597488 32.596848 32.596199 32.595551 32.594894 32.594234 32.593575 N N N N N N N N N N N N N N N N N N N N N N N N N N N N N N N N N N N
N N N N N N N N N N N N N N N 32.59309 32.592541 32.591988 32.591431 32.59087 32.590305 32.589733 32.589161 32.588585 32.588001 32.587418 32.586826 32.586235 32.585636 32.585033 32.584427 32.583817 32.583206 32.582588 32.581966 32.581337 32.580708 N N N N N N N N N N N N N N N N N N N N N N N N N N N N N N N N N N N N N N N N N N N
N N N N N N N N N N N N N N N 32.575035 32.574486 32.573933 32.573376 32.572815 32.57225 32.571678 32.571106 32.57053 32.569946 32.569363 32.568771 32.56818 32.567581 32.566978 N N N N N N N N N N N N N N N N N N N N N N N N N N N N N N N N N N N N N N N N N N N N N N N N N N
N N N N N N N N N N N N N N N 32.55698 32.556431 32.555878 32.555321 32.55476 32.554195 32.553623 N N N N N N N N N N N N N N N N N N N N N N N N N N N N N N N N N N N N N N N N N N N N N N N N N N N N N N N N N N
N N N N N N N N N N N N N N N N N N N N N N N N N N N N N N N N N N N N N N N N N N N N N N N N N N N N N N N N N N N N N N N N N N N N N N N N N N N N N N N N
N N N N N N N N N N N N N N N N N N N N N N N N N N N N N N N N N N N N N N N N N N N N N N N N N N N N N N N N N N N N N N N N N N N N N N N N N N N N N N N N
N N N N N N N N N N N N N N N N N N N N N N N N N N N N N N N N N N N N N N N N N N N N N N N N N N N N N N N N N N N N N N N N N N N N N N N N N N N N N N N N
N N N N N N N N N N N N N N N N N N N N N N N N N N N N N N N N N N N N N N N N N N N N N N N N N N N N N N N N N N N N N N N N N N N N N N N N N N N N N N N N
N N N N N N N N N N N N N N N N N N N N N N N N N N N N N N N N N N N N N N N N N N N N N N N N N N N N N N N N N N N N N N N N N N N N N N N N N N N N N N N N
N N N N N N N N N N N N N N N N N N N N N N N N N N N N N N N N N N N N N N N N N N N N N N N N N N N N N N N N N N N N N N N N N N N N N N N N N N N N N N N N
N N N N N N N N N N N N N N N N N N N N N N N N N N N N N N N N N N N N N N N N N N N N N N N N N N N N N N N N N N N N N N N N N N N N N N N N N N N N N N N N
N N N N N N N N N N N N N N N N N N N N N N N N N N N N N N N N N N N N N N N N N N N N N N N N N N N N N N N N N N N N N N N N N N N N N N N N N N N N N N N N
N N N N N N N N N N N N N N N N N N N N N N N N N N N N N N N N N N N N N N N N N N N N N N N N N N N N N N N N N N N N N N N N N N N N N N N N N N N N N N N N
N N N N N N N N N N N N N N N N N N N N N N N N N N N N N N N N N N N N N N N N N N N N N N N N N N N N N N N N N N N N N N N N N N N N N N N N N N N N N N N N
N N N N N N N N N N N N N N N N N N N N N N N N N N N N N N N N N N N N N N N N N N N N N N N N N N N N N N N N N N N N N N N N N N N N N N N N N N N N N N N N
N N N N N N N N N N N N N N N N N N N N N N N N N N N N N N N N N N N N N N N N N N N N N N N N N N N N N N N N N N N N N N N N N N N N N N N N N N N N N N N N
N N N N N N N N N N N N N N N N N N N N N N N N N N N N N N N N N N N N N N N N N N N N N N N N N N N N N N N N N N N N N N N N N N N N N N N N N N N N N N N N
