src/viewer/etc/lat.raster
north: 450000
south: -650000
east: 600000
west: -400000
rows: 550
cols: 500
[rows 0 to 35 of 550, columns 160 to 239 of 500]
N N N N N N N N N N N N N N N N N N N N N N N N N N N N N N N N N N N N N N N N N N N N N N N N N N N N N N N N N N N N N N N N N N N N N N N N N N N N N N N N
N N N N N N N N N N N N N N N N N N N N N N N N N N N N N N N N N N N N N N N N N N N N N N N N N N N N N N N N N N N N N N N N N N N N N N N N N N N N N N N N
N N N N N N N N N N N N N N N N N N N N N N N N N N N N N N N N N N N N N N N N N N N N N N N N N N N N N N N N N N N N N N N N N N N N N N N N N N N N N N N N
N N N N N N N N N N N N N N N N N N N N N N N N N N N N N N N N N N N N N N N N N N N N N N N N N N N N N N N N N N N N N N N N N N N N N N N N N N N N N N N N
41.992462 41.992645 41.992821 41.992992 41.99316 41.993324 41.993481 41.993633 41.993782 41.993927 41.994068 41.994202 41.994331 41.994461 41.994579 41.994698 41.994808 41.994919 41.995022 41.995121 41.995213 41.995304 41.995388 41.995468 41.995544 41.995613 41.995682 41.995743 41.9958 41.995853 41.995899 41.995945 41.995983 41.996017 41.996048 41.996075 41.996094 41.996109 41.99612 41.996128 N N N N N N N N N N N N N N N N N N N N N N N N N N N N N N N N N N N N N N N N
41.974422 41.974606 41.974781 41.974953 41.975121 41.975281 41.975441 41.975594 41.975742 41.975887 41.976028 41.976162 41.976292 41.976418 41.97654 41.976658 41.976768 41.976875 41.976982 41.977077 41.977173 41.977261 41.977348 41.977428 41.977501 41.977573 41.977642 41.977703 41.97776 41.977814 41.977859 41.977905 41.977943 41.977978 41.978008 41.978031 41.978054 41.978069 41.978081 41.978088 N N N N N N N N N N N N N N N N N N N N N N N N N N N N N N N N N N N N N N N N
41.956383 41.956566 41.956741 41.956913 41.957081 41.957241 41.957401 41.957554 41.957703 41.957848 41.957989 41.958122 41.958252 41.958378 41.9585 41.958618 41.958729 41.958836 41.958939 41.959038 41.959133 41.959221 41.959305 41.959389 41.959461 41.959534 41.959599 41.959663 41.959721 41.95977 41.95982 41.959862 41.959904 41.959938 41.959965 41.959991 41.960011 41.96003 41.960041 41.960045 N N N N N N N N N N N N N N N N N N N N N N N N N N N N N N N N N N N N N N N N
41.938343 41.938526 41.938702 41.938873 41.939041 41.939205 41.939362 41.939514 41.939663 41.939808 41.939949 41.940083 41.940212 41.940338 41.94046 41.940578 41.940689 41.940796 41.940899 41.940998 41.941093 41.941181 41.941265 41.941345 41.941422 41.941494 41.941559 41.941624 41.941681 41.94173 41.94178 41.941822 41.941864 41.941898 41.941925 41.941952 41.941971 41.94199 41.942001 41.942005 N N N N N N N N N N N N N N N N N N N N N N N N N N N N N N N N N N N N N N N N
41.920307 41.920486 41.920662 41.920834 41.921001 41.921165 41.921322 41.921474 41.921623 41.921768 41.921909 41.922043 41.922173 41.922298 41.922421 41.922539 41.922649 41.92276 41.922863 41.922958 41.923054 41.923141 41.923229 41.923309 41.923382 41.923454 41.923519 41.923584 41.923641 41.923691 41.92374 41.923782 41.923824 41.923859 41.923885 41.923912 41.923931 41.92395 41.923962 41.923965 N N N N N N N N N N N N N N N N N N N N N N N N N N N N N N N N N N N N N N N N
41.902267 41.902451 41.902626 41.902798 41.902966 41.903126 41.903286 41.903439 41.903587 41.903732 41.90387 41.904007 41.904137 41.904263 41.904385 41.904499 41.904613 41.90472 41.904823 41.904922 41.905014 41.905106 41.90519 41.90527 41.905346 41.905415 41.905483 41.905544 41.905602 41.905655 41.905701 41.905746 41.905785 41.905819 41.905849 41.905872 41.905895 41.90591 41.905922 41.90593 N N N N N N N N N N N N N N N N N N N N N N N N N N N N N N N N N N N N N N N N
41.884232 41.884411 41.884586 41.884758 41.884926 41.88509 41.885246 41.885399 41.885548 41.885693 41.885834 41.885967 41.886097 41.886223 41.886345 41.886463 41.886574 41.886681 41.886784 41.886883 41.886978 41.887066 41.88715 41.88723 41.887306 41.887375 41.887444 41.887505 41.887562 41.887615 41.887661 41.887707 41.887745 41.887779 41.88781 41.887833 41.887856 41.887871 41.887882 41.88789 N N N N N N N N N N N N N N N N N N N N N N N N N N N N N N N N N N N N N N N N
41.866192 41.866375 41.86655 41.866722 41.86689 41.86705 41.86721 41.867363 41.867512 41.867657 41.867794 41.867928 41.868061 41.868187 41.868305 41.868423 41.868534 41.868645 41.868748 41.868843 41.868938 41.869026 41.869114 41.869194 41.869267 41.869339 41.869404 41.869465 41.869522 41.869576 41.869625 41.869667 41.869705 41.86974 41.86977 41.869797 41.869816 41.869831 41.869843 41.86985 N N N N N N N N N N N N N N N N N N N N N N N N N N N N N N N N N N N N N N N N
41.848156 41.848335 41.848515 41.848686 41.84885 41.849014 41.849171 41.849323 41.849472 41.849617 41.849758 41.849892 41.850021 41.850147 41.850269 41.850388 41.850498 41.850605 41.850708 41.850807 41.850903 41.85099 41.851074 41.851154 41.851231 41.851299 41.851368 41.851429 41.851486 41.85154 41.851585 41.851631 41.851669 41.851704 41.851734 41.851757 41.85178 41.851795 41.851807 41.851814 N N N N N N N N N N N N N N N N N N N N N N N N N N N N N N N N N N N N N N N N
41.83012 41.830299 41.830475 41.830647 41.830814 41.830978 41.831135 41.831287 41.831436 41.831581 41.831722 41.831856 41.831985 41.832111 41.832233 41.832348 41.832462 41.832569 41.832672 41.832771 41.832863 41.832954 41.833038 41.833118 41.833195 41.833263 41.833328 41.833393 41.83345 41.8335 41.833549 41.833591 41.833633 41.833668 41.833694 41.833721 41.83374 41.833759 41.833771 41.833775 N N N N N N N N N N N N N N N N N N N N N N N N N N N N N N N N N N N N N N N N
41.812084 41.812263 41.812439 41.812611 41.812778 41.812943 41.813099 41.813251 41.8134 41.813545 41.813683 41.81382 41.81395 41.814075 41.814198 41.814312 41.814426 41.814533 41.814636 41.814732 41.814827 41.814915 41.815002 41.815083 41.815155 41.815228 41.815292 41.815353 41.815411 41.815464 41.815514 41.815556 41.815594 41.815628 41.815659 41.815685 41.815704 41.81572 41.815731 41.815739 N N N N N N N N N N N N N N N N N N N N N N N N N N N N N N N N N N N N N N N N
41.794048 41.794228 41.794407 41.794575 41.794743 41.794907 41.795063 41.795216 41.795364 41.795509 41.795647 41.795784 41.795914 41.79604 41.796162 41.796276 41.796387 41.796497 41.7966 41.796696 41.796791 41.796879 41.796963 41.797043 41.797119 41.797192 41.797256 41.797318 41.797375 41.797428 41.797478 41.79752 41.797558 41.797592 41.797623 41.797649 41.797668 41.797684 41.797695 41.797703 N N N N N N N N N N N N N N N N N N N N N N N N N N N N N N N N N N N N N N N N
41.776012 41.776196 41.776371 41.776543 41.776707 41.776871 41.777027 41.77718 41.777328 41.777473 41.777615 41.777748 41.777878 41.778004 41.778126 41.77824 41.778355 41.778461 41.778564 41.77866 41.778755 41.778843 41.778927 41.779007 41.779083 41.779156 41.779221 41.779282 41.779339 41.779392 41.779442 41.779484 41.779522 41.779556 41.779587 41.779613 41.779633 41.779648 41.779659 41.779667 N N N N N N N N N N N N N N N N N N N N N N N N N N N N N N N N N N N N N N N N
41.75798 41.75816 41.758335 41.758507 41.758675 41.758835 41.758991 41.759148 41.759293 41.759438 41.759579 41.759712 41.759842 41.759968 41.76009 41.760204 41.760319 41.760426 41.760529 41.760628 41.760719 41.760807 41.760895 41.760975 41.761047 41.76112 41.761185 41.761246 41.761303 41.761356 41.761406 41.761448 41.761486 41.76152 41.761551 41.761578 41.761597 41.761612 41.761623 41.761631 N N N N N N N N N N N N N N N N N N N N N N N N N N N N N N N N N N N N N N N N
41.739944 41.740124 41.740299 41.740471 41.740639 41.740803 41.740959 41.741112 41.741261 41.741405 41.741543 41.741676 41.741806 41.741932 41.742054 41.742172 41.742283 41.74239 41.742493 41.742592 41.742683 41.742775 41.742859 41.742939 41.743015 41.743084 41.743149 41.743214 41.743271 41.74332 41.74337 41.743412 41.74345 41.743484 41.743515 41.743542 41.743561 41.743576 41.743587 41.743595 N N N N N N N N N N N N N N N N N N N N N N N N N N N N N N N N N N N N N N N N
41.721912 41.722092 41.722267 41.722439 41.722607 41.722767 41.722923 41.723076 41.723225 41.72337 41.723507 41.723644 41.723774 41.7239 41.724022 41.724136 41.724247 41.724354 41.724457 41.724556 41.724651 41.724739 41.724823 41.724903 41.724979 41.725048 41.725117 41.725178 41.725235 41.725288 41.725334 41.72538 41.725418 41.725452 41.725479 41.725506 41.725525 41.725544 41.725555 41.725559 N N N N N N N N N N N N N N N N N N N N N N N N N N N N N N N N N N N N N N N N
41.703876 41.70406 41.704235 41.704403 41.704571 41.704735 41.704891 41.705044 41.705193 41.705338 41.705475 41.705608 41.705738 41.705864 41.705986 41.706104 41.706215 41.706322 41.706425 41.706524 41.706615 41.706703 41.706791 41.706871 41.706944 41.707016 41.707081 41.707142 41.707199 41.707253 41.707302 41.707344 41.707382 41.707417 41.707447 41.70747 41.707493 41.707508 41.70752 41.707527 N N N N N N N N N N N N N N N N N N N N N N N N N N N N N N N N N N N N N N N N
41.685844 41.686024 41.686199 41.686371 41.686539 41.686699 41.686859 41.687012 41.68716 41.687302 41.687443 41.687576 41.687706 41.687832 41.687954 41.688068 41.688179 41.68829 41.688389 41.688488 41.688583 41.688671 41.688755 41.688835 41.688911 41.68898 41.689049 41.68911 41.689167 41.68922 41.689266 41.689312 41.68935 41.689384 41.689411 41.689438 41.689457 41.689476 41.689487 41.689491 N N N N N N N N N N N N N N N N N N N N N N N N N N N N N N N N N N N N N N N N
41.667812 41.667992 41.668167 41.668339 41.668507 41.668667 41.668823 41.668976 41.669125 41.66927 41.669407 41.669544 41.669674 41.6698 41.669918 41.670036 41.670147 41.670254 41.670357 41.670456 41.670547 41.670639 41.670723 41.670803 41.670879 41.670948 41.671013 41.671078 41.671131 41.671185 41.671234 41.671276 41.671314 41.671349 41.671379 41.671406 41.671425 41.67144 41.671452 41.671459 N N N N N N N N N N N N N N N N N N N N N N N N N N N N N N N N N N N N N N N N
41.64978 41.64996 41.650135 41.650307 41.650475 41.650635 41.650791 41.650944 41.651093 41.651237 41.651375 41.651512 41.651642 41.651768 41.651886 41.652004 41.652115 41.652222 41.652325 41.652424 41.652515 41.652607 41.652691 41.652771 41.652843 41.652916 41.652981 41.653042 41.653099 41.653152 41.653202 41.653244 41.653282 41.653316 41.653347 41.65337 41.653393 41.653408 41.653419 41.653427 N N N N N N N N N N N N N N N N N N N N N N N N N N N N N N N N N N N N N N N N
41.631748 41.631927 41.632103 41.632275 41.632442 41.632603 41.632759 41.632912 41.63306 41.633205 41.633343 41.63348 41.63361 41.633736 41.633854 41.633972 41.634083 41.63419 41.634293 41.634392 41.634483 41.634571 41.634659 41.634735 41.634811 41.634884 41.634949 41.63501 41.635067 41.63512 41.635166 41.635212 41.63525 41.635284 41.635315 41.635338 41.635361 41.635376 41.635387 41.635395 N N N N N N N N N N N N N N N N N N N N N N N N N N N N N N N N N N N N N N N N
41.613716 41.613895 41.614071 41.614243 41.61441 41.614571 41.614731 41.614883 41.615028 41.615173 41.615311 41.615448 41.615578 41.615704 41.615822 41.61594 41.616051 41.616158 41.616261 41.61636 41.616451 41.616539 41.616627 41.616703 41.616779 41.616852 41.616917 41.616978 41.617035 41.617088 41.617134 41.61718 41.617218 41.617252 41.617283 41.617306 41.617329 41.617344 41.617355 41.617359 N N N N N N N N N N N N N N N N N N N N N N N N N N N N N N N N N N N N N N N N
41.595688 41.595867 41.596043 41.596214 41.596378 41.596542 41.596699 41.596851 41.597 41.597141 41.597282 41.597416 41.597546 41.597672 41.59779 41.597908 41.598019 41.598125 41.598228 41.598328 41.598419 41.598511 41.598595 41.598675 41.598747 41.59882 41.598885 41.598946 41.599003 41.599056 41.599102 41.599148 41.599186 41.59922 41.599251 41.599274 41.599297 41.599312 41.599323 41.599331 N N N N N N N N N N N N N N N N N N N N N N N N N N N N N N N N N N N N N N N N
41.577656 41.577835 41.578011 41.578182 41.57835 41.57851 41.578667 41.578819 41.578968 41.579113 41.57925 41.579384 41.579514 41.579639 41.579762 41.579876 41.579987 41.580093 41.580196 41.580296 41.580387 41.580479 41.580563 41.580643 41.580715 41.580788 41.580853 41.580914 41.580971 41.581024 41.581074 41.581116 41.581154 41.581188 41.581219 41.581242 41.581264 41.58128 41.581291 41.581299 N N N N N N N N N N N N N N N N N N N N N N N N N N N N N N N N N N N N N N N N
41.559628 41.559807 41.559982 41.56015 41.560318 41.560478 41.560638 41.560791 41.560936 41.561081 41.561218 41.561356 41.561485 41.561607 41.561729 41.561844 41.561958 41.562065 41.562168 41.562263 41.562359 41.562447 41.562531 41.562611 41.562687 41.562756 41.562824 41.562885 41.562943 41.562992 41.563042 41.563084 41.563122 41.563156 41.563187 41.563213 41.563232 41.563248 41.563259 41.563267 N N N N N N N N N N N N N N N N N N N N N N N N N N N N N N N N N N N N N N N N
41.541595 41.541775 41.54195 41.542122 41.54229 41.54245 41.542606 41.542759 41.542908 41.543049 41.54319 41.543324 41.543453 41.543579 41.543701 41.543816 41.543926 41.544033 41.544136 41.544235 41.544327 41.544418 41.544502 41.544579 41.544655 41.544727 41.544792 41.544853 41.54491 41.544964 41.54501 41.545055 41.545094 41.545128 41.545155 41.545181 41.5452 41.545219 41.545231 41.545235 N N N N N N N N N N N N N N N N N N N N N N N N N N N N N N N N N N N N N N N N
41.523567 41.523746 41.523922 41.524094 41.524258 41.524422 41.524578 41.524731 41.524879 41.525021 41.525158 41.525295 41.525425 41.525547 41.525669 41.525787 41.525898 41.526005 41.526108 41.526203 41.526299 41.526386 41.52647 41.52655 41.526627 41.526695 41.52676 41.526825 41.526878 41.526932 41.526981 41.527023 41.527061 41.527096 41.527126 41.527149 41.527172 41.527187 41.527199 41.527206 N N N N N N N N N N N N N N N N N N N N N N N N N N N N N N N N N N N N N N N N
41.505539 41.505718 41.505894 41.506065 41.506229 41.50639 41.50655 41.506699 41.506847 41.506992 41.50713 41.507263 41.507393 41.507519 41.507641 41.507755 41.507866 41.507973 41.508076 41.508175 41.508266 41.508358 41.508442 41.508522 41.508595 41.508667 41.508732 41.508793 41.50885 41.508904 41.508949 41.508995 41.509033 41.509068 41.509098 41.509121 41.50914 41.509159 41.509171 41.509174 N N N N N N N N N N N N N N N N N N N N N N N N N N N N N N N N N N N N N N N N
41.487511 41.48769 41.487865 41.488033 41.488201 41.488361 41.488518 41.48867 41.488819 41.488964 41.489101 41.489235 41.489365 41.489491 41.489613 41.489727 41.489838 41.489944 41.490047 41.490147 41.490238 41.490326 41.49041 41.49049 41.490566 41.490639 41.490704 41.490765 41.490822 41.490875 41.490921 41.490963 41.491001 41.491035 41.491066 41.491093 41.491112 41.491127 41.491138 41.491146 N N N N N N N N N N N N N N N N N N N N N N N N N N N N N N N N N N N N N N N N
41.469482 41.469662 41.469837 41.470005 41.470173 41.470333 41.47049 41.470642 41.470791 41.470936 41.471073 41.471207 41.471336 41.471462 41.471581 41.471699 41.471809 41.471916 41.472019 41.472118 41.47221 41.472298 41.472382 41.472462 41.472538 41.472607 41.472675 41.472736 41.472794 41.472843 41.472893 41.472935 41.472973 41.473007 41.473038 41.473064 41.473083 41.473099 41.47311 41.473118 N N N N N N N N N N N N N N N N N N N N N N N N N N N N N N N N N N N N N N N N
41.451454 41.451633 41.451809 41.451981 41.452145 41.452305 41.452461 41.452614 41.452763 41.452908 41.453045 41.453178 41.453308 41.453434 41.453552 41.453671 41.453781 41.453888 41.453991 41.45409 41.454182 41.454269 41.454353 41.454433 41.45451 41.454578 41.454647 41.454708 41.454765 41.454815 41.454865 41.454906 41.454945 41.454979 41.455009 41.455032 41.455055 41.45507 41.455082 41.45509 N N N N N N N N N N N N N N N N N N N N N N N N N N N N N N N N N N N N N N N N
41.433426 41.433605 41.433781 41.433952 41.434116 41.43428 41.434437 41.434589 41.434734 41.434879 41.435017 41.43515 41.43528 41.435406 41.435528 41.435642 41.435753 41.43586 41.435963 41.436062 41.436153 41.436241 41.436325 41.436405 41.436481 41.43655 41.436619 41.43668 41.436737 41.436787 41.436836 41.436878 41.436916 41.436951 41.436981 41.437004 41.437027 41.437042 41.437054 41.437061 N N N N N N N N N N N N N N N N N N N N N N N N N N N N N N N N N N N N N N N N
