src/viewer/etc/lat.raster
north: 450000
south: -650000
east: 600000
west: -400000
rows: 550
cols: 500
[rows 288 to 323 of 550, columns 80 to 159 of 500]
N N N N N N N N N N N N N N N N N N N N N N N N N N N N N N N N N N N N N N N 36.868896 36.86924 36.869579 36.869915 36.870243 36.870571 36.870892 36.871208 36.871521 36.871834 36.872135 36.872437 36.872734 36.873024 36.873314 36.873596 36.873875 36.874153 36.874424 36.874687 36.87495 36.87521 36.875462 36.875713 36.875957 36.876198 36.876434 36.876667 36.876896 36.877121 36.877338 36.877556 36.877766 36.877972 36.878174 36.878372 36.878567 36.878757 36.878941 36.879124 36.879299
N N N N N N N N N N N N N N N N N N N N N N N N N N N N N N N N N N N N N N N N 36.85125 36.851589 36.851921 36.852253 36.852577 36.852901 36.853218 36.853531 36.85384 36.854145 36.854446 36.854744 36.855034 36.855324 36.855606 36.855885 36.856159 36.85643 36.856697 36.85696 36.857216 36.857471 36.857719 36.857964 36.858208 36.858444 36.858677 36.858902 36.859127 36.859348 36.859562 36.859772 36.859982 36.860184 36.860382 36.860573 36.860764 36.86095 36.86113 36.861309
N N N N N N N N N N N N N N N N N N N N N N N N N N N N N N N N N N N N N N N N 36.83326 36.833595 36.833931 36.834263 36.834587 36.834911 36.835228 36.835541 36.83585 36.836155 36.836456 36.83675 36.837044 36.83733 36.837612 36.837894 36.838169 36.83844 36.838707 36.838966 36.839226 36.839478 36.839729 36.839973 36.840214 36.84045 36.840683 36.840912 36.841133 36.841354 36.841568 36.841782 36.841988 36.84219 36.842388 36.842583 36.84277 36.842957 36.84314 36.843315
N N N N N N N N N N N N N N N N N N N N N N N N N N N N N N N N N N N N N N N N 36.815269 36.815605 36.815941 36.816273 36.816597 36.816917 36.817238 36.817551 36.81786 36.818161 36.818462 36.81876 36.81905 36.81934 36.819622 36.819901 36.820175 36.820446 36.820713 36.820976 36.821232 36.821487 36.821735 36.82198 36.82222 36.822456 36.822689 36.822918 36.823143 36.82336 36.823578 36.823788 36.823994 36.824196 36.824394 36.824589 36.82478 36.824963 36.825146 36.825321
N N N N N N N N N N N N N N N N N N N N N N N N N N N N N N N N N N N N N N N N 36.797276 36.797615 36.797951 36.798279 36.798607 36.798927 36.799244 36.799557 36.799866 36.800171 36.800472 36.800766 36.80106 36.801346 36.801632 36.80191 36.802185 36.802456 36.802719 36.802982 36.803242 36.803493 36.803745 36.803989 36.80423 36.804466 36.804699 36.804924 36.805149 36.80537 36.805584 36.805794 36.806 36.806202 36.8064 36.806595 36.806786 36.806973 36.807152 36.807327
N N N N N N N N N N N N N N N N N N N N N N N N N N N N N N N N N N N N N N N N 36.779285 36.779625 36.779957 36.780289 36.780613 36.780937 36.781254 36.781567 36.781876 36.782181 36.782478 36.782776 36.78307 36.783356 36.783638 36.783916 36.784191 36.784462 36.784729 36.784992 36.785248 36.785503 36.785751 36.785995 36.786236 36.786472 36.786705 36.786934 36.787155 36.787376 36.78759 36.787804 36.78801 36.788212 36.78841 36.788601 36.788792 36.788979 36.789158 36.789333
N N N N N N N N N N N N N N N N N N N N N N N N N N N N N N N N N N N N N N N N 36.761295 36.761635 36.761967 36.762299 36.762623 36.762943 36.763264 36.763577 36.763882 36.764187 36.764488 36.764786 36.765076 36.765362 36.765648 36.765926 36.766201 36.766472 36.766735 36.766998 36.767258 36.767509 36.767757 36.768002 36.768246 36.768478 36.768711 36.76894 36.769165 36.769382 36.7696 36.76981 36.770016 36.770218 36.770416 36.770611 36.770798 36.770985 36.771164 36.771343
N N N N N N N N N N N N N N N N N N N N N N N N N N N N N N N N N N N N N N N 36.742962 36.743305 36.743641 36.743977 36.744305 36.744633 36.744953 36.74527 36.745583 36.745892 36.746197 36.746498 36.746792 36.747086 36.747372 36.747654 36.747932 36.748207 36.748478 36.748745 36.749004 36.749264 36.749516 36.749767 36.750011 36.750252 36.750488 36.750721 36.750946 36.751171 36.751389 36.751606 36.751816 36.752022 36.752224 36.752422 36.752617 36.752804 36.752991 36.75317 36.753349
N N N N N N N N N N N N N N N N N N N N N N N N N N N N N N N N N N N N N N N 36.724968 36.725311 36.725651 36.725986 36.726315 36.726639 36.726963 36.72728 36.727592 36.727901 36.728203 36.728504 36.728802 36.729092 36.729378 36.72966 36.729942 36.730217 36.730484 36.730751 36.731014 36.73127 36.731525 36.731773 36.732018 36.732258 36.732494 36.732727 36.732956 36.733177 36.733398 36.733612 36.733822 36.734028 36.73423 36.734428 36.734623 36.734814 36.734997 36.73518 36.735355
N N N N N N N N N N N N N N N N N N N N N N N N N N N N N N N N N N N N N N N 36.706978 36.707321 36.707661 36.707993 36.708324 36.708649 36.708969 36.709286 36.709599 36.709908 36.710213 36.71051 36.710808 36.711098 36.711388 36.71167 36.711948 36.712223 36.712494 36.712757 36.71302 36.71328 36.713531 36.713779 36.714024 36.714264 36.7145 36.714733 36.714962 36.715183 36.715405 36.715618 36.715828 36.716034 36.716236 36.716434 36.716629 36.71682 36.717003 36.717186 36.717361
N N N N N N N N N N N N N N N N N N N N N N N N N N N N N N N N N N N N N N N 36.688988 36.689331 36.689667 36.690002 36.690331 36.690655 36.690979 36.691296 36.691608 36.691917 36.692219 36.69252 36.692814 36.693108 36.693394 36.693676 36.693954 36.694229 36.6945 36.694767 36.695026 36.695286 36.695538 36.695786 36.696033 36.696274 36.696507 36.696739 36.696968 36.697189 36.697411 36.697624 36.697834 36.69804 36.698242 36.698441 36.698635 36.698826 36.699009 36.699192 36.699368
N N N N N N N N N N N N N N N N N N N N N N N N N N N N N N N N N N N N N N N 36.670994 36.671337 36.671677 36.672009 36.67234 36.672665 36.672985 36.673302 36.673615 36.673923 36.674229 36.674526 36.674824 36.675114 36.6754 36.675686 36.675964 36.676239 36.676506 36.676773 36.677036 36.677292 36.677544 36.677795 36.67804 36.67828 36.678516 36.678745 36.678974 36.679199 36.679417 36.67963 36.67984 36.68005 36.680252 36.680447 36.680641 36.680832 36.681015 36.681198 36.681374
N N N N N N N N N N N N N N N N N N N N N N N N N N N N N N N N N N N N N N 36.652657 36.653004 36.653347 36.653683 36.654018 36.654346 36.654671 36.654995 36.655312 36.655624 36.65593 36.656235 36.656536 36.65683 36.657124 36.65741 36.657692 36.65797 36.658245 36.658516 36.658779 36.659042 36.659298 36.659554 36.659801 36.660046 36.660286 36.660522 36.660751 36.66098 36.661205 36.661423 36.661636 36.66185 36.662056 36.662258 36.662453 36.662647 36.662838 36.663021 36.663204 36.66338
N N N N N N N N N N N N N N N N N N N N N N N N N N N N N N N N N 36.63287 36.633236 N N 36.634315 36.634666 36.635014 36.635353 36.635693 36.636024 36.636356 36.636681 36.637001 36.637318 36.63763 36.637939 36.638241 36.638542 36.638836 36.63913 36.639416 36.639698 36.639977 36.640251 36.640522 36.640785 36.641048 36.641304 36.64156 36.641808 36.642052 36.642292 36.642529 36.642761 36.642986 36.643211 36.643429 36.643642 36.643856 36.644062 36.644264 36.644459 36.644653 36.644844 36.645027 36.64521 36.645386
N N N N N N N N N N N N N N N N N N N N N N N N N N N N N N N N 36.614506 36.61488 36.615246 N 36.615967 36.616322 36.616673 36.61702 36.617363 36.617699 36.618034 36.618362 36.618687 36.619007 36.619324 36.619637 36.619946 36.620251 36.620548 36.620846 36.621136 36.621422 36.621704 36.621983 36.622257 36.622528 36.622795 36.623055 36.623314 36.623566 36.623814 36.624058 36.624298 36.624535 36.624767 36.624992 36.625217 36.625435 36.625648 36.625862 36.626068 36.62627 36.626465 36.626659 36.62685 36.627033 36.627213 36.627392
N N N N N N N N N N N N N N N N N N N N N N N N N N N N N N N N 36.596516 36.596886 36.597252 36.597618 36.597977 36.598331 36.598682 36.59903 36.599369 36.599709 36.60004 36.600372 36.600697 36.601017 36.601334 36.601646 36.601952 36.602257 36.602558 36.602852 36.603142 36.603432 36.603714 36.603992 36.604263 36.604534 36.604801 36.605061 36.60532 36.605572 36.60582 36.606064 36.606304 36.606541 36.606773 36.606998 36.607224 36.607441 36.607655 36.607868 36.608074 36.608273 36.608471 36.608665 36.608856 36.609039 36.609219 36.609398
N N N N N N N N N N N N N N N N N N N N N N N N N N N N N N N N 36.578522 36.578896 36.579262 36.579624 36.579983 36.580338 36.580688 36.581036 36.581379 36.581715 36.58205 36.582378 36.582703 36.583023 36.58334 36.583652 36.583961 36.584263 36.584564 36.584858 36.585152 36.585438 36.58572 36.585999 36.586273 36.58654 36.586807 36.587067 36.587326 36.587578 36.587826 36.58807 36.58831 36.588547 36.588779 36.589005 36.58923 36.589447 36.589661 36.58987 36.590076 36.590279 36.590477 36.590672 36.590858 36.591045 36.591225 36.5914
N N N N N N N N N N N N N N N N N N N N N N N N N N N N N N N N N N 36.561272 36.561634 36.561993 36.562347 36.562698 36.563042 36.563385 36.563725 36.564056 36.564384 36.564709 36.565029 36.565346 36.565659 36.565968 36.566273 36.56657 36.566864 36.567158 36.567444 36.567726 36.568005 36.568279 36.568546 36.568813 36.569073 36.569332 36.569584 36.569832 36.570076 36.570316 36.570553 36.570786 36.571011 36.571236 36.571453 36.571667 36.571877 36.572083 36.572285 36.572483 36.572678 36.572865 36.573051 36.573231 36.573406
N N N N N N N N N N N N N N N N N N N N N N N N N N N N N N N N N N 36.543278 36.54364 36.543999 36.544353 36.544704 36.545052 36.545391 36.545731 36.546062 36.546394 36.546719 36.547039 36.547356 36.547665 36.547974 36.548279 36.548576 36.548874 36.549164 36.54945 36.549732 36.550011 36.550285 36.550552 36.550819 36.551079 36.551338 36.55159 36.551838 36.552082 36.552322 36.552559 36.552792 36.553017 36.553242 36.553459 36.553673 36.553883 36.554089 36.554291 36.554489 36.55468 36.554871 36.555054 36.555237 36.555412
N N N N N N N N N N N N N N N N N N N N N N N N N N N N N N N N N 36.524918 36.525288 36.52565 36.526009 36.526363 36.526711 36.527058 36.527401 36.527737 36.528072 36.5284 36.528725 36.529045 36.529362 36.529675 36.52998 36.530285 36.530582 36.53088 36.53117 36.531456 36.531738 36.532017 36.532291 36.532558 36.532825 36.533085 36.533344 36.533596 36.533844 36.534088 36.534328 36.534565 36.534794 36.535023 36.535244 36.535465 36.535679 36.535889 36.536095 36.536297 36.536495 36.536686 36.536877 36.53706 36.537243 36.537418
N N N N N N N N N N N N N N N N N N N N N N N N N N N N N N N N N 36.506927 36.507294 36.507656 36.508015 36.508369 36.50872 36.509064 36.509407 36.509743 36.510078 36.510406 36.510731 36.511051 36.511368 36.511681 36.51199 36.512291 36.512592 36.512886 36.513176 36.513462 36.513744 36.514023 36.514297 36.514565 36.514832 36.515091 36.51535 36.515602 36.51585 36.516094 36.516335 36.516571 36.5168 36.517029 36.51725 36.517471 36.517685 36.517895 36.518101 36.518303 36.518497 36.518692 36.518883 36.519066 36.519245 36.519421
N N N N N N N N N N N N N N N N N N N N N N N N N N N N N N N N N 36.488934 36.4893 36.489662 36.490021 36.490376 36.490726 36.491074 36.491413 36.491753 36.492085 36.492413 36.492737 36.493057 36.493374 36.493687 36.493996 36.494297 36.494598 36.494892 36.495182 36.495468 36.49575 36.496029 36.496304 36.496571 36.496838 36.497097 36.497356 36.497608 36.497856 36.4981 36.498341 36.498573 36.498806 36.499035 36.499256 36.499474 36.499691 36.499901 36.500107 36.500305 36.500504 36.500698 36.500885 36.501072 36.501251 36.501427
N N N N N N N N N N N N N N N N N N N N N N N N N N N N N N N N N N 36.47131 36.471672 36.472031 36.472385 36.472733 36.47308 36.473423 36.473759 36.474091 36.474419 36.474747 36.475063 36.47538 36.475693 36.476002 36.476303 36.476604 36.476898 36.477188 36.477474 36.477757 36.478035 36.47831 36.478577 36.478844 36.479103 36.479362 36.479614 36.479862 36.480106 36.480347 36.480579 36.480812 36.481037 36.481262 36.48148 36.481693 36.481903 36.482109 36.482311 36.48251 36.4827 36.482891 36.483074 36.483257 36.483433
N N N N N N N N N N N N N N N N N N N N N N N N N N N N N N N N N N 36.453316 36.453678 36.454037 36.454391 36.454742 36.455086 36.455429 36.455765 36.456097 36.456429 36.456753 36.457073 36.457386 36.457699 36.458008 36.458309 36.458611 36.458904 36.459194 36.45948 36.459763 36.460041 36.460316 36.460583 36.46085 36.461109 36.461365 36.46162 36.461868 36.462112 36.462349 36.462585 36.462818 36.463043 36.463268 36.463486 36.463699 36.463909 36.464115 36.464317 36.464512 36.464706 36.464897 36.46508 36.46526 36.465435
N N N N N N N N N N N N N N N N N N N N N N N N N N N N N N N N N N 36.435322 36.435684 36.436043 36.436398 36.436749 36.437092 36.437435 36.437771 36.438107 36.438435 36.438759 36.439079 36.439392 36.439705 36.440014 36.440315 36.440617 36.44091 36.4412 36.441486 36.441769 36.442047 36.442318 36.442589 36.442856 36.443115 36.443371 36.443623 36.443871 36.444115 36.444355 36.444592 36.44482 36.445049 36.445271 36.445488 36.445705 36.445915 36.446121 36.44632 36.446518 36.446712 36.446899 36.447083 36.447266 36.447441
N N N N N N N N N N N N N N N N N N N N N N N N N N N N N N N N N N 36.417332 36.417694 36.418049 36.418404 36.418755 36.419102 36.419441 36.419777 36.420113 36.420441 36.420765 36.421085 36.421398 36.421711 36.42202 36.422321 36.422623 36.422916 36.423206 36.423492 36.423775 36.424053 36.424324 36.424595 36.424858 36.425121 36.425377 36.425629 36.425877 36.426121 36.426361 36.426594 36.426826 36.427055 36.427277 36.427494 36.427708 36.427917 36.428123 36.428326 36.428524 36.428715 36.428905 36.429089 36.429268 36.429443
N N N N N N N N N N N N N N N N N N N N N N N N N N N N N N N N N N N 36.3997 36.400059 36.40041 36.400761 36.401108 36.401447 36.401783 36.402119 36.402447 36.402771 36.403091 36.403404 36.403717 36.404026 36.404327 36.404625 36.404922 36.405212 36.405499 36.405781 36.406055 36.40633 36.406601 36.406864 36.407124 36.407383 36.407635 36.407883 36.408127 36.408363 36.4086 36.408833 36.409058 36.409279 36.4095 36.409714 36.409924 36.41013 36.410328 36.410526 36.410721 36.410908 36.411095 36.411274 36.411449
N N N N N N N N N N N N N N N N N N N N N N N N N N N N N N N N N N N 36.381706 36.382065 36.38242 36.382767 36.383114 36.383453 36.383789 36.384125 36.384453 36.384777 36.385098 36.38541 36.385723 36.386032 36.386333 36.386631 36.386925 36.387218 36.387505 36.387783 36.388062 36.388336 36.388603 36.38887 36.38913 36.389385 36.389637 36.389885 36.390129 36.390369 36.390606 36.390835 36.391064 36.391285 36.391502 36.391716 36.391926 36.392132 36.392334 36.392532 36.392723 36.392914 36.393097 36.393276 36.393452
N N N N N N N N N N N N N N N N N N N N N N N N N N N N N N N N N N N 36.363712 36.364071 36.364426 36.364773 36.36512 36.365459 36.365795 36.366131 36.366459 36.366783 36.3671 36.367416 36.367729 36.368034 36.36834 36.368637 36.368931 36.369221 36.369507 36.369789 36.370068 36.370342 36.370609 36.370876 36.371136 36.371391 36.371643 36.371891 36.372135 36.372375 36.372608 36.372841 36.373066 36.373291 36.373508 36.373722 36.373932 36.374138 36.374336 36.374535 36.374729 36.374916 36.375099 36.375282 36.375458
N N N N N N N N N N N N N N N N N N N N N N N N N N N N N N N N N N N 36.345718 36.346077 36.346432 36.346779 36.347126 36.347466 36.347801 36.348137 36.348465 36.348789 36.349106 36.349422 36.349735 36.35004 36.350346 36.350643 36.350937 36.351227 36.351513 36.351795 36.352074 36.352345 36.352615 36.352879 36.353138 36.353397 36.353649 36.353897 36.354141 36.354378 36.354614 36.354843 36.355072 36.355293 36.355511 36.355724 36.355934 36.35614 36.356342 36.356541 36.356731 36.356922 36.357105 36.357285 36.35746
N N N N N N N N N N N N N N N N N N N N N N N N N N N N N N N N N N N 36.327724 36.328083 36.328438 36.328785 36.329132 36.329472 36.329807 36.330139 36.330467 36.330791 36.331112 36.331429 36.331738 36.332047 36.332348 36.332649 36.332943 36.333233 36.333519 36.333801 36.334076 36.334351 36.334618 36.334885 36.335144 36.3354 36.335651 36.335899 36.336143 36.336384 36.336617 36.336849 36.337074 36.337299 36.337517 36.33773 36.33794 36.338146 36.338345 36.338543 36.338734 36.338924 36.339108 36.339287 36.339462
N N N N N N N N N N N N N N N N N N N N N N N N N N N N N N N N N N N 36.309731 36.310089 36.310444 36.310791 36.311138 36.311478 36.311813 36.312145 36.312473 36.312798 36.313118 36.313435 36.313744 36.314053 36.314354 36.314651 36.314945 36.315235 36.315521 36.315804 36.316082 36.316353 36.316624 36.316887 36.31715 36.317406 36.317657 36.317905 36.31815 36.318386 36.318623 36.318851 36.31908 36.319302 36.319519 36.319733 36.319942 36.320148 36.320351 36.320545 36.32074 36.320927 36.32111 36.321293 36.321468
N N N N N N N N N N N N N N N N N N N N N N N N N N N N N N N N N N N N 36.292095 36.292446 36.292797 36.29314 36.293484 36.293819 36.294151 36.294479 36.294804 36.295124 36.295437 36.29575 36.296055 36.29636 36.296658 36.296951 36.297241 36.297527 36.29781 36.298084 36.298359 36.29863 36.298893 36.299152 36.299408 36.29966 36.299908 36.300152 36.300392 36.300625 36.300858 36.301083 36.301304 36.301525 36.301739 36.301945 36.302151 36.302353 36.302551 36.302742 36.302929 36.303116 36.303295 36.303471
N N N N N N N N N N N N N N N N N N N N N N N N N N N N N N N N N N N N N 36.274452 36.274803 36.275146 36.27549 36.275826 36.276157 36.276485 36.27681 36.277126 36.277443 36.277756 36.278061 36.278362 36.278664 36.278957 36.279247 36.279533 36.279812 36.28009 36.280365 36.280632 36.280895 36.281158 36.281414 36.281666 36.281914 36.282154 36.282394 36.282631 36.28286 36.283085 36.28331 36.283527 36.283741 36.283951 36.284157 36.284355 36.284554 36.284744 36.284935 36.285118 36.285297 36.285473
N N N N N N N N N N N N N N N N N N N N N N N N N N N N N N N N N N N N N N 36.256809 36.257153 36.257492 36.257832 36.258163 36.258492 36.258812 36.259132 36.259449 36.259758 36.260067 36.260368 36.260666 36.26096 36.26125 36.261536 36.261818 36.262096 36.262367 36.262634 36.262901 36.263161 36.263416 36.263668 36.263916 36.26416 36.264397 36.264633 36.264862 36.265091 36.265312 36.26553 36.265743 36.265953 36.266159 36.266361 36.266556 36.26675 36.266937 36.26712 36.2673 36.267475
N N N N N N N N N N N N N N N N N N N N N N N N N N N N N N N N N N N N N N N N 36.239498 36.239834 36.240166 36.240494 36.240818 36.241138 36.241451 36.241764 36.242069 36.242374 36.242672 36.242966 36.243256 36.243542 36.24382 36.244099 36.24437 36.24464 36.244904 36.245163 36.245419 36.24567 36.245918 36.246162 36.246403 36.246635 36.246868 36.247093 36.247314 36.247532 36.247746 36.247955 36.248161 36.248363 36.248558 36.248753 36.24894 36.249123 36.249302 36.249477
