src/viewer/etc/lat.raster
north: 450000
south: -650000
east: 600000
west: -400000
rows: 550
cols: 500
[rows 288 to 323 of 550, columns 320 to 399 of 500]
36.852184 36.851673 36.851154 36.850632 36.850105 36.849575 36.849041 36.848499 36.847958 36.847408 36.846859 36.846302 36.845741 36.845177 N N N N N N N N N N N N N N N N N N N N N N N N N N N N N N N N N N N N N N N N N N N N N N N N N N N N N N N N N N N N N N N N N N
36.834198 36.833687 36.833168 36.832645 36.832119 36.831589 36.831055 36.830517 36.829971 36.829426 36.828873 36.828316 36.827755 36.82719 36.826622 N N N N N N N N N N N N N N N N N N N N N N N N N N N N N N N N N N N N N N N N N N N N N N N N N N N N N N N N N N N N N N N N N
36.816212 36.815701 36.815182 36.814659 36.814133 36.813602 36.813068 36.812531 36.811985 36.81144 36.810886 36.810329 36.809772 36.809208 36.808636 36.808064 N N N N N N N N N N N N N N N N N N N N N N N N N N N N N N N N N N N N N N N N N N N N N N N N N N N N N N N N N N N N N N N N
36.798225 36.797714 36.797195 36.796673 36.796146 36.795616 36.795082 36.794544 36.793999 36.793453 36.7929 36.792347 36.791786 36.791222 36.790653 36.790081 36.789501 36.788921 N N N N N N N N N N N N N N N N N N N N N N N N N N N N N N N N N N N N N N N N N N N N N N N N N N N N N N N N N N N N N N
36.780239 36.779724 36.779209 36.778687 36.77816 36.77763 36.777096 36.776558 36.776016 36.775467 36.774914 36.774361 36.7738 36.773235 36.772667 36.772095 36.771519 36.770935 36.770351 N N N N N N N N N N N N N N N N N N N N N N N N N N N N N N N N N N N N N N N N N N N N N N N N N N N N N N N N N N N N N
36.762253 36.761738 36.761223 36.7607 36.760174 36.759644 36.759109 36.758572 36.75803 36.757481 36.756931 36.756374 36.755814 36.755249 36.754681 36.754108 36.753532 36.752953 36.752365 36.751778 N N N N N N N N N N N N N N N N N N N N N N N N N N N N N N N N N N N N N N N N N N N N N N N N N N N N N N N N N N N N
36.744267 36.743752 36.743237 36.742714 36.742188 36.741657 36.741123 36.740585 36.740044 36.739494 36.738945 36.738388 36.737827 36.737263 36.736698 36.736122 36.735546 36.734966 36.734383 36.733791 36.733196 N N N N N N N N N N N N N N N N N N N N N N N N N N N N N N N N N N N N N N N N N N N N N N N N N N N N N N N N N N N
36.726276 36.725765 36.725246 36.724728 36.724201 36.723671 36.723137 36.722599 36.722057 36.721508 36.720959 36.720402 36.719841 36.71928 36.718712 36.71814 36.717564 36.71698 36.716396 36.715805 36.715214 36.714615 N N N N N N N N N N N N N N N N N N N N N N N N N N N N N N N N N N N N N N N N N N N N N N N N N N N N N N N N N N
36.70829 36.707779 36.70726 36.706738 36.706215 36.705685 36.705151 36.704613 36.704071 36.703522 36.702972 36.702415 36.701859 36.701294 36.700726 36.700153 36.699577 36.698997 36.69841 36.697823 36.697227 36.696629 36.69603 N N N N N N N N N N N N N N N N N N N N N N N N N N N N N N N N N N N N N N N N N N N N N N N N N N N N N N N N N
36.690304 36.689789 36.689274 36.688751 36.688229 36.687698 36.687164 36.686626 36.686085 36.685535 36.684986 36.684429 36.683872 36.683308 36.682739 36.682167 36.681591 36.681011 36.680424 36.679836 36.679241 36.678646 36.678043 36.677437 N N N N N N N N N N N N N N N N N N N N N N N N N N N N N N N N N N N N N N N N N N N N N N N N N N N N N N N N
36.672314 36.671803 36.671288 36.670765 36.670238 36.669712 36.669178 36.66864 36.668095 36.667549 36.667 36.666443 36.665886 36.665321 36.664753 36.664181 36.663605 36.663025 36.662441 36.66185 36.661259 36.66066 36.660057 36.659454 36.658844 36.65823 N N N N N N N N N N N N N N N N N N N N N N N N N N N N N N N N N N N N N N N N N N N N N N N N N N N N N N
36.654327 36.653816 36.653297 36.652779 36.652252 36.651722 36.651188 36.65065 36.650108 36.649563 36.649014 36.648457 36.6479 36.647335 36.646767 36.646194 36.645618 36.645039 36.644455 36.643867 36.643272 36.642677 36.642075 36.641468 36.640858 36.640244 36.639626 N N N N N N N N N N N N N N N N N N N N N N N N N N N N N N N N N N N N N N N N N N N N N N N N N N N N N
36.636341 36.635826 36.635311 36.634789 36.634266 36.633736 36.633202 36.632664 36.632122 36.631577 36.631027 36.63047 36.629913 36.629349 36.62878 36.628208 36.627632 36.627052 36.626469 36.625881 36.625286 36.624691 36.624088 36.623482 36.622871 36.622257 36.621639 36.621017 N N N N N N N N N N N N N N N N N N N N N N N N N N N N N N N N N N N N N N N N N N N N N N N N N N N N
36.618351 36.61784 36.617325 36.616802 36.616276 36.615749 36.615215 36.614677 36.614136 36.61359 36.613041 36.612484 36.611927 36.611362 36.610794 36.610222 36.60965 36.609066 36.608482 36.607895 36.607304 36.606705 36.606102 36.605499 36.604889 36.604275 36.603657 36.603035 36.602406 N N N N N N N N N N N N N N N N N N N N N N N N N N N N N N N N N N N N N N N N N N N N N N N N N N N
36.600365 36.59985 36.599335 36.598816 36.598289 36.597759 36.597229 36.596691 36.596149 36.595604 36.595051 36.594498 36.593941 36.593376 36.592808 36.592236 36.591663 36.591084 36.590496 36.589909 36.589317 36.588718 36.58812 36.587513 36.586903 36.586288 36.58567 36.585049 36.584423 36.58379 N N N N N N N N N N N N N N N N N N N N N N N N N N N N N N N N N N N N N N N N N N N N N N N N N N
36.582375 36.581863 36.581348 36.580826 36.580303 36.579773 36.579239 36.578701 36.578159 36.577614 36.577065 36.576511 36.575951 36.57539 36.574821 36.574249 36.573677 36.573097 36.57251 36.571922 36.571331 36.570732 36.570133 36.569527 36.568916 36.568306 36.567688 36.567062 36.566437 36.565807 36.56517 N N N N N N N N N N N N N N N N N N N N N N N N N N N N N N N N N N N N N N N N N N N N N N N N N
36.564388 36.563873 36.563358 36.56284 36.562313 36.561787 36.561253 36.560715 36.560173 36.559628 36.559078 36.558525 36.557964 36.557404 36.556835 36.556263 36.555691 36.555111 36.554527 36.553936 36.553345 36.55275 36.552147 36.55154 36.550934 36.55032 36.549702 36.54908 36.548454 36.547821 36.547188 36.546547 N N N N N N N N N N N N N N N N N N N N N N N N N N N N N N N N N N N N N N N N N N N N N N N N
36.546398 36.545887 36.545372 36.544849 36.544327 36.543797 36.543266 36.542728 36.542187 36.541641 36.541092 36.540535 36.539978 36.539417 36.538849 36.538277 36.537701 36.537125 36.536541 36.53595 36.535358 36.534763 36.534161 36.533558 36.532948 36.532333 36.531715 36.531094 36.530468 36.529839 36.529202 36.528564 36.52792 36.527275 N N N N N N N N N N N N N N N N N N N N N N N N N N N N N N N N N N N N N N N N N N N N N N
36.528408 36.527897 36.527382 36.526863 36.526337 36.52581 36.525276 36.524738 36.524197 36.523651 36.523102 36.522549 36.521992 36.521427 36.520863 36.52029 36.519714 36.519138 36.518555 36.517963 36.517372 36.516777 36.516174 36.515572 36.514961 36.514347 36.513729 36.513107 36.512482 36.511852 36.511219 36.510578 36.509937 36.509289 36.508636 N N N N N N N N N N N N N N N N N N N N N N N N N N N N N N N N N N N N N N N N N N N N N
36.510422 36.509911 36.509396 36.508873 36.50835 36.50782 36.50729 36.506752 36.50621 36.505665 36.505116 36.504562 36.504005 36.503441 36.502876 36.502304 36.501728 36.501148 36.500565 36.499977 36.499386 36.498791 36.498188 36.497585 36.496975 36.496365 36.495747 36.495125 36.494499 36.493866 36.493233 36.492596 36.491951 36.491306 36.490654 36.489998 N N N N N N N N N N N N N N N N N N N N N N N N N N N N N N N N N N N N N N N N N N N N
36.492432 36.49192 36.491405 36.490887 36.49036 36.489834 36.4893 36.488762 36.488224 36.487679 36.487129 36.486576 36.486015 36.485455 36.484886 36.484318 36.483742 36.483162 36.482578 36.481991 36.4814 36.480804 36.480206 36.479599 36.478989 36.478378 36.47776 36.477139 36.476513 36.475883 36.47525 36.474609 36.473969 36.47332 36.472668 36.472015 36.471355 N N N N N N N N N N N N N N N N N N N N N N N N N N N N N N N N N N N N N N N N N N N
36.474442 36.47393 36.473415 36.472897 36.472374 36.471844 36.471313 36.470776 36.470234 36.469688 36.469139 36.468586 36.468029 36.467468 36.4669 36.466331 36.465755 36.465176 36.464592 36.464005 36.463413 36.462818 36.462219 36.461613 36.461006 36.460392 36.459774 36.459152 36.458527 36.457897 36.457264 36.456623 36.455982 36.455334 36.454685 36.454029 36.453369 36.452705 N N N N N N N N N N N N N N N N N N N N N N N N N N N N N N N N N N N N N N N N N N
36.456455 36.455944 36.455429 36.454906 36.454384 36.453857 36.453323 36.452785 36.452248 36.451702 36.451153 36.4506 36.450043 36.449478 36.448914 36.448341 36.447769 36.447189 36.446606 36.446018 36.445427 36.444832 36.444233 36.443626 36.44302 36.442406 36.441788 36.441166 36.44054 36.439911 36.439278 36.438641 36.437996 36.437351 36.436699 36.436047 36.435387 36.434723 36.434055 N N N N N N N N N N N N N N N N N N N N N N N N N N N N N N N N N N N N N N N N N
36.438465 36.437954 36.437439 36.43692 36.436394 36.435867 36.435333 36.434799 36.434258 36.433712 36.433163 36.43261 36.432053 36.431492 36.430927 36.430355 36.429779 36.429203 36.428619 36.428032 36.427441 36.426846 36.426243 36.42564 36.425034 36.424419 36.423801 36.42318 36.422558 36.421925 36.421291 36.420654 36.420013 36.419365 36.418716 36.41806 36.4174 36.416737 36.416069 36.415398 N N N N N N N N N N N N N N N N N N N N N N N N N N N N N N N N N N N N N N N N
36.420475 36.419964 36.419449 36.41893 36.418407 36.417877 36.417347 36.416809 36.416271 36.415726 36.415176 36.414623 36.414066 36.413502 36.412937 36.412369 36.411793 36.411213 36.410633 36.410046 36.409454 36.408859 36.408257 36.407654 36.407047 36.406433 36.405815 36.405197 36.404572 36.403942 36.403309 36.402668 36.402027 36.401382 36.40073 36.400074 36.399418 36.398754 36.398087 36.397415 36.396736 36.396057 N N N N N N N N N N N N N N N N N N N N N N N N N N N N N N N N N N N N N N
36.402485 36.401974 36.401459 36.40094 36.400417 36.399891 36.399357 36.398823 36.398281 36.397736 36.397186 36.396633 36.396076 36.395515 36.394951 36.394379 36.393806 36.393227 36.392643 36.392056 36.391464 36.390869 36.39027 36.389668 36.389057 36.388447 36.387829 36.387211 36.386585 36.385956 36.385323 36.384682 36.384041 36.383396 36.382744 36.382092 36.381432 36.380768 36.3801 36.379429 36.378754 36.378075 36.377388 N N N N N N N N N N N N N N N N N N N N N N N N N N N N N N N N N N N N N
36.384495 36.383984 36.383469 36.38295 36.382427 36.381901 36.381367 36.380833 36.380291 36.379749 36.3792 36.378647 36.37809 36.377529 36.376961 36.376392 36.375816 36.37524 36.374657 36.374069 36.373478 36.372883 36.372284 36.371681 36.371071 36.370461 36.369843 36.369225 36.368599 36.36797 36.367336 36.366699 36.366055 36.36541 36.364761 36.364105 36.363445 36.362782 36.362118 36.361446 36.360767 36.360088 36.359406 36.358715 N N N N N N N N N N N N N N N N N N N N N N N N N N N N N N N N N N N N
36.366505 36.365993 36.365482 36.36496 36.364437 36.363911 36.36338 36.362843 36.362305 36.361759 36.36121 36.360657 36.3601 36.359539 36.358974 36.358402 36.35783 36.35725 36.35667 36.356083 36.355492 36.354897 36.354298 36.353695 36.353085 36.352474 36.351856 36.351238 36.350613 36.349983 36.34935 36.348713 36.348072 36.347424 36.346775 36.346119 36.345463 36.344799 36.344131 36.34346 36.342785 36.342106 36.341419 36.340733 36.340038 N N N N N N N N N N N N N N N N N N N N N N N N N N N N N N N N N N N
36.348515 36.348007 36.347492 36.346973 36.346447 36.345921 36.34539 36.344852 36.344315 36.343769 36.34322 36.34267 36.342113 36.341549 36.340984 36.340416 36.33984 36.339264 36.33868 36.338093 36.337505 36.33691 36.336311 36.335705 36.335098 36.334488 36.33387 36.333248 36.332626 36.331997 36.331364 36.330727 36.330086 36.329437 36.328789 36.328133 36.327477 36.326813 36.326145 36.325474 36.324799 36.32412 36.323437 36.32275 36.322056 36.321358 N N N N N N N N N N N N N N N N N N N N N N N N N N N N N N N N N N
36.330524 36.330017 36.329502 36.328983 36.328461 36.32793 36.3274 36.326866 36.326324 36.325779 36.325233 36.32468 36.324123 36.323563 36.322998 36.322426 36.321854 36.321274 36.320694 36.320107 36.319515 36.31892 36.318321 36.317719 36.317112 36.316498 36.315884 36.315262 36.31464 36.314011 36.313377 36.31274 36.312099 36.311451 36.310802 36.31015 36.30949 36.308826 36.308163 36.307491 36.306816 36.306137 36.30545 36.304764 36.304073 36.303375 36.302673 N N N N N N N N N N N N N N N N N N N N N N N N N N N N N N N N N
36.312534 36.312023 36.311512 36.310993 36.310471 36.30994 36.30941 36.308876 36.308334 36.307793 36.307243 36.30669 36.306133 36.305573 36.305008 36.30444 36.303864 36.303288 36.302704 36.30212 36.301529 36.300934 36.300335 36.299732 36.299126 36.298512 36.297897 36.297276 36.296654 36.296024 36.295391 36.294754 36.294113 36.293468 36.292816 36.292164 36.291504 36.290844 36.290176 36.289505 36.28883 36.288151 36.287468 36.286781 36.286087 36.285393 36.284691 36.283985 N N N N N N N N N N N N N N N N N N N N N N N N N N N N N N N N
36.294544 36.294033 36.293522 36.293003 36.29248 36.291954 36.29142 36.290886 36.290344 36.289803 36.289253 36.2887 36.288143 36.287582 36.287018 36.286449 36.285877 36.285297 36.284718 36.28413 36.283539 36.282948 36.282349 36.281742 36.281136 36.280525 36.279911 36.279289 36.278664 36.278038 36.277405 36.276768 36.276127 36.275482 36.27483 36.274178 36.273518 36.272858 36.27219 36.271519 36.270844 36.270164 36.269482 36.268795 36.268105 36.267406 36.266708 36.266003 36.265293 N N N N N N N N N N N N N N N N N N N N N N N N N N N N N N N
36.276554 36.276043 36.275532 36.275013 36.27449 36.273964 36.27343 36.272896 36.272358 36.271812 36.271263 36.270714 36.270157 36.269596 36.269032 36.268459 36.267887 36.267311 36.266727 36.266144 36.265553 36.264957 36.264359 36.263756 36.263149 36.262539 36.261921 36.261303 36.260677 36.260048 36.259418 36.258781 36.258141 36.257496 36.256844 36.256191 36.255535 36.254871 36.254204 36.253536 36.252861 36.252182 36.251499 36.250809 36.250118 36.249424 36.248722 36.248016 36.247311 36.246597 36.24588 N N N N N N N N N N N N N N N N N N N N N N N N N N N N N
36.258564 36.258053 36.257538 36.257023 36.2565 36.25597 36.25544 36.254906 36.254368 36.253822 36.253273 36.252724 36.252167 36.251606 36.251041 36.250473 36.249901 36.249321 36.248741 36.248154 36.247562 36.246971 36.246372 36.24577 36.245163 36.244549 36.243935 36.243313 36.242691 36.242062 36.241428 36.240795 36.240154 36.23951 36.238857 36.238205 36.237549 36.236885 36.236217 36.23555 36.234875 36.234196 36.233513 36.232826 36.232132 36.231438 36.23074 36.230034 36.229324 36.228611 36.227894 36.227173 N N N N N N N N N N N N N N N N N N N N N N N N N N N N
36.240574 36.240063 36.239548 36.239029 36.238506 36.23798 36.23745 36.236916 36.236378 36.235832 36.235287 36.234734 36.234177 36.233616 36.233051 36.232483 36.231911 36.231331 36.230751 36.230164 36.229576 36.228981 36.228382 36.227779 36.227173 36.226562 36.225948 36.225327 36.224705 36.224075 36.223442 36.222805 36.222164 36.221519 36.220871 36.220219 36.219563 36.218899 36.218235 36.217564 36.216888 36.216209 36.215527 36.21484 36.214149 36.213451 36.212753 36.212048 36.211342 36.210629 36.209911 36.20919 36.208466 N N N N N N N N N N N N N N N N N N N N N N N N N N N
36.22258 36.222073 36.221558 36.221039 36.220516 36.21999 36.21946 36.218925 36.218388 36.217842 36.217297 36.216743 36.216187 36.215626 36.215061 36.214493 36.213921 36.213345 36.212761 36.212177 36.211586 36.210991 36.210396 36.209793 36.209187 36.208572 36.207958 36.20734 36.206715 36.206089 36.205456 36.204819 36.204178 36.203533 36.202885 36.202232 36.201576 36.200912 36.200249 36.199577 36.198902 36.198223 36.19754 36.196854 36.196163 36.195469 36.194767 36.194065 36.193356 36.192642 36.191929 36.191208 36.190483 36.189751 N N N N N N N N N N N N N N N N N N N N N N N N N N
