src/viewer/etc/long.raster
north: 450000
south: -650000
east: 600000
west: -400000
rows: 550
cols: 500
[rows 165 to 197 of 550, columns 0 to 74 of 500]
N N N N N N N N N N N N N N N N N N N N N N N N N N N N N N N N N N N N N N N N -123.701263 -123.678154 -123.655045 -123.631927 -123.608818 -123.585709 -123.562599 -123.539482 -123.516373 -123.493256 -123.470146 -123.447029 -123.42392 -123.400803 -123.377686 -123.354568 -123.331459 -123.308342 -123.285225 -123.262108 -123.238991 -123.215874 -123.192749 -123.169632 -123.146515 -123.123398 -123.100273 -123.077156 -123.054039 -123.030914 -123.007797 -122.984673 -122.961548 -122.938431 -122.915306
N N N N N N N N N N N N N N N N N N N N N N N N N N N N N N N N N N N N N N N N -123.700356 -123.677254 -123.654152 -123.631042 -123.607941 -123.584831 -123.561729 -123.53862 -123.515518 -123.492409 -123.469299 -123.44619 -123.42308 -123.399971 -123.376862 -123.353752 -123.330643 -123.307533 -123.284424 -123.261314 -123.238197 -123.215088 -123.191971 -123.168861 -123.145744 -123.122635 -123.099518 -123.076408 -123.053291 -123.030174 -123.007057 -122.983948 -122.960831 -122.937714 -122.914597
N N N N N N N N N N N N N N N N N N N N N N N N N N N N N N N N N N N N N N N N -123.699455 -123.676361 -123.653259 -123.630157 -123.607063 -123.583961 -123.56086 -123.537758 -123.514656 -123.491554 -123.468452 -123.445351 -123.422249 -123.399147 -123.376038 -123.352936 -123.329834 -123.306725 -123.283623 -123.260513 -123.237411 -123.214302 -123.191193 -123.168091 -123.144981 -123.121872 -123.098763 -123.075653 -123.052544 -123.029434 -123.006325 -122.983215 -122.960106 -122.936996 -122.913887
N N N N N N N N N N N N N N N N N N N N N N N N N N N N N N N N N N N N N N N -123.721649 -123.698555 -123.675461 -123.652367 -123.629272 -123.606178 -123.583084 -123.55999 -123.536896 -123.513802 -123.490707 -123.467606 -123.444511 -123.421417 -123.398315 -123.375221 -123.352119 -123.329018 -123.305923 -123.282822 -123.25972 -123.236618 -123.213516 -123.190414 -123.167313 -123.144211 -123.121109 -123.098007 -123.074905 -123.051804 -123.028702 -123.005592 -122.982491 -122.959381 -122.936279 -122.91317
N N N N N N N N N N N N N N N N N N N N N N N N N N N N N N N N N N N N N N N -123.720741 -123.697655 -123.674568 -123.651482 -123.628387 -123.605301 -123.582214 -123.559128 -123.536034 -123.512947 -123.489853 -123.466766 -123.443672 -123.420578 -123.397491 -123.374397 -123.351303 -123.328209 -123.305115 -123.282021 -123.258926 -123.235832 -123.212738 -123.189644 -123.166542 -123.143448 -123.120354 -123.097252 -123.074158 -123.051056 -123.027962 -123.00486 -122.981766 -122.958664 -122.935562 -122.91246
N N N N N N N N N N N N N N N N N N N N N N N N N N N N N N N N N N N N N N -123.742912 -123.719833 -123.696754 -123.673668 -123.650589 -123.62751 -123.604424 -123.581345 -123.558258 -123.535172 -123.512093 -123.489006 -123.465919 -123.442833 -123.419746 -123.39666 -123.373573 -123.350487 -123.3274 -123.304314 -123.281219 -123.258133 -123.235046 -123.211952 -123.188866 -123.165771 -123.142685 -123.119591 -123.096497 -123.07341 -123.050316 -123.027222 -123.004128 -122.981033 -122.957939 -122.934845 -122.911751
N N N N N N N N N N N N N N N N N N N N N N N N N N N N N N N N N N N N N N N -123.718925 -123.695854 -123.672775 -123.649704 -123.626625 -123.603546 -123.580467 -123.557388 -123.534309 -123.51123 -123.488152 -123.465073 -123.441994 -123.418915 -123.395836 -123.372749 -123.34967 -123.326591 -123.303505 -123.280426 -123.257339 -123.234253 -123.211174 -123.188087 -123.165001 -123.141914 -123.118828 -123.095741 -123.072662 -123.049568 -123.026482 -123.003395 -122.980309 -122.957222 -122.934135 -122.911041
N N N N N N N N N N N N N N N N N N N N N N N N N N N N N N N N N N N N N N N -123.718025 -123.694954 -123.671883 -123.648811 -123.62574 -123.602669 -123.579597 -123.556526 -123.533455 -123.510376 -123.487305 -123.464233 -123.441154 -123.418083 -123.395004 -123.371933 -123.348854 -123.325775 -123.302704 -123.279625 -123.256546 -123.233467 -123.210388 -123.187309 -123.16423 -123.141151 -123.118073 -123.094994 -123.071907 -123.048828 -123.025749 -123.002663 -122.979584 -122.956505 -122.933418 -122.910332
N N N N N N N N N N N N N N N N N N N N N N N N N N N N N N N N N N N N N N N N -123.694054 -123.67099 -123.647926 -123.624855 -123.601791 -123.578728 -123.555656 -123.532593 -123.509521 -123.486458 -123.463387 -123.440315 -123.417252 -123.39418 -123.371109 -123.348038 -123.324966 -123.301895 -123.278824 -123.255753 -123.232681 -123.20961 -123.186531 -123.16346 -123.140388 -123.11731 -123.094238 -123.071159 -123.048088 -123.025009 -123.001938 -122.978859 -122.95578 -122.932701 -122.90963
N N N N N N N N N N N N N N N N N N N N N N N N N N N N N N N N N N N N N N N N N -123.670097 -123.647034 -123.623978 -123.600914 -123.577858 -123.554794 -123.531731 -123.508667 -123.485611 -123.462547 -123.439484 -123.41642 -123.393356 -123.370293 -123.347221 -123.324158 -123.301094 -123.27803 -123.254959 -123.231895 -123.208824 -123.18576 -123.162689 -123.139626 -123.116554 -123.093483 -123.070412 -123.047348 -123.024277 -123.001205 -122.978134 -122.955063 -122.931992 -122.90892
N N N N N N N N N N N N N N N N N N N N N N N N N N N N N N N N N N N N N N N N N N -123.646149 -123.623093 -123.600037 -123.576988 -123.553932 -123.530876 -123.50782 -123.484756 -123.4617 -123.438644 -123.415588 -123.392525 -123.369469 -123.346413 -123.323349 -123.300293 -123.277229 -123.254166 -123.23111 -123.208046 -123.184982 -123.161919 -123.138855 -123.115791 -123.092735 -123.069664 -123.0466 -123.023537 -123.000473 -122.977409 -122.954346 -122.931274 -122.908211
N N N N N N N N N N N N N N N N N N N N N N N N N N N N N N N N N N N N N N N N N N N -123.622215 -123.599167 -123.576111 -123.553062 -123.530014 -123.506966 -123.48391 -123.460861 -123.437805 -123.414757 -123.391701 -123.368652 -123.345596 -123.32254 -123.299484 -123.276436 -123.25338 -123.230324 -123.207268 -123.184212 -123.161148 -123.138092 -123.115036 -123.09198 -123.068924 -123.04586 -123.022804 -122.999741 -122.976685 -122.953621 -122.930565 -122.907501
N N N N N N N N N N N N N N N N N N N N N N N N N N N N N N N N N N N N N N N N N N N N -123.598289 -123.575249 -123.5522 -123.529152 -123.506111 -123.483063 -123.460022 -123.436974 -123.413925 -123.390877 -123.367828 -123.34478 -123.321732 -123.298683 -123.275635 -123.252586 -123.229538 -123.206482 -123.183434 -123.160385 -123.137329 -123.114281 -123.091225 -123.068176 -123.04512 -123.022064 -122.999016 -122.97596 -122.952904 -122.929848 -122.906792
N N N N N N N N N N N N N N N N N N N N N N N N N N N N N N N N N N N N N N N N N N N N N -123.574379 -123.551338 -123.528297 -123.505257 -123.482216 -123.459175 -123.436134 -123.413094 -123.390053 -123.367012 -123.343971 -123.320923 -123.297882 -123.274841 -123.251793 -123.228752 -123.205704 -123.182663 -123.159615 -123.136566 -123.113525 -123.090477 -123.067429 -123.04438 -123.021332 -122.998283 -122.975235 -122.952187 -122.929138 -122.90609
N N N N N N N N N N N N N N N N N N N N N N N N N N N N N N N N N N N N N N N N N N N N N N -123.550476 -123.527443 -123.504402 -123.481369 -123.458336 -123.435303 -123.412262 -123.389229 -123.366196 -123.343155 -123.320122 -123.297081 -123.27404 -123.251007 -123.227966 -123.204926 -123.181885 -123.158844 -123.135803 -123.112762 -123.089722 -123.066681 -123.04364 -123.020599 -122.997559 -122.97451 -122.951469 -122.928429 -122.90538
N N N N N N N N N N N N N N N N N N N N N N N N N N N N N N N N N N N N N N N N N N N N N N N -123.526581 -123.503555 -123.480522 -123.457497 -123.434464 -123.411438 -123.388405 -123.365372 -123.342346 -123.319313 -123.29628 -123.273247 -123.250214 -123.22718 -123.204147 -123.181114 -123.158081 -123.13504 -123.112007 -123.088974 -123.065941 -123.0429 -123.019867 -122.996826 -122.973793 -122.950752 -122.927711 -122.904678
N N N N N N N N N N N N N N N N N N N N N N N N N N N N N N N N N N N N N N N N N N N N N N N -123.525726 -123.502701 -123.479683 -123.456657 -123.433632 -123.410606 -123.387581 -123.364555 -123.34153 -123.318504 -123.295479 -123.272453 -123.249428 -123.226395 -123.203369 -123.180344 -123.15731 -123.134285 -123.111252 -123.088219 -123.065193 -123.04216 -123.019127 -122.996101 -122.973068 -122.950035 -122.927002 -122.903969
N N N N N N N N N N N N N N N N N N N N N N N N N N N N N N N N N N N N N N N N N N N N N N N N -123.501854 -123.478836 -123.455818 -123.4328 -123.409782 -123.386757 -123.363739 -123.340721 -123.317696 -123.294678 -123.27166 -123.248634 -123.225616 -123.202591 -123.179565 -123.156548 -123.133522 -123.110497 -123.087471 -123.064445 -123.04142 -123.018394 -122.995369 -122.972343 -122.949318 -122.926292 -122.903267
N N N N N N N N N N N N N N N N N N N N N N N N N N N N N N N N N N N N N N N N N N N N N N N N N N -123.454979 -123.431961 -123.408951 -123.385941 -123.362923 -123.339905 -123.316895 -123.293877 -123.270859 -123.247849 -123.224831 -123.201813 -123.178795 -123.155777 -123.132759 -123.109741 -123.086723 -123.063705 -123.04068 -123.017662 -122.994644 -122.971626 -122.948601 -122.925583 -122.902557
N N N N N N N N N N N N N N N N N N N N N N N N N N N N N N N N N N N N N N N N N N N N N N N N N N N -123.431129 -123.408127 -123.385117 -123.362106 -123.339096 -123.316086 -123.293076 -123.270065 -123.247055 -123.224045 -123.201035 -123.178024 -123.155014 -123.131996 -123.108986 -123.085976 -123.062958 -123.039948 -123.01693 -122.993919 -122.970901 -122.947884 -122.924873 -122.901855
N N N N N N N N N N N N N N N N N N N N N N N N N N N N N N N N N N N N N N N N N N N N N N N N N N N -123.430298 -123.407295 -123.384293 -123.36129 -123.338287 -123.315285 -123.292282 -123.269272 -123.246269 -123.223267 -123.200256 -123.177254 -123.154243 -123.131241 -123.108231 -123.08522 -123.062218 -123.039207 -123.016197 -122.993187 -122.970177 -122.947174 -122.924164 -122.901146
N N N N N N N N N N N N N N N N N N N N N N N N N N N N N N N N N N N N N N N N N N N N N N N N N N N N -123.406471 -123.383469 -123.360474 -123.337479 -123.314476 -123.291481 -123.268478 -123.245483 -123.222481 -123.199478 -123.176483 -123.153481 -123.130478 -123.107475 -123.084473 -123.06147 -123.038467 -123.015465 -122.992462 -122.96946 -122.946457 -122.923447 -122.900444
N N N N N N N N N N N N N N N N N N N N N N N N N N N N N N N N N N N N N N N N N N N N N N N N N N N N -123.40564 -123.382652 -123.359657 -123.33667 -123.313675 -123.29068 -123.267685 -123.244698 -123.221703 -123.198708 -123.175713 -123.152718 -123.129723 -123.10672 -123.083725 -123.06073 -123.037735 -123.014732 -122.991737 -122.968742 -122.94574 -122.922745 -122.899742
N N N N N N N N N N N N N N N N N N N N N N N N N N N N N N N N N N N N N N N N N N N N N N N N N N N N N -123.381828 -123.358841 -123.335861 -123.312874 -123.289886 -123.266891 -123.243904 -123.220917 -123.197929 -123.174942 -123.151947 -123.12896 -123.105972 -123.082977 -123.05999 -123.036995 -123.014 -122.991013 -122.968018 -122.945023 -122.922035 -122.89904
N N N N N N N N N N N N N N N N N N N N N N N N N N N N N N N N N N N N N N N N N N N N N N N N N N N N N -123.381012 -123.358032 -123.335052 -123.312065 -123.289085 -123.266106 -123.243118 -123.220139 -123.197151 -123.174171 -123.151184 -123.128204 -123.105217 -123.08223 -123.059242 -123.036263 -123.013275 -122.990288 -122.9673 -122.944313 -122.921326 -122.898338
N N N N N N N N N N N N N N N N N N N N N N N N N N N N N N N N N N N N N N N N N N N N N N N N N N N N N N -123.357216 -123.334244 -123.311264 -123.288284 -123.265312 -123.242332 -123.219353 -123.196381 -123.173401 -123.150421 -123.127441 -123.104462 -123.081482 -123.058502 -123.035522 -123.012543 -122.989563 -122.966576 -122.943596 -122.920616 -122.897629
N N N N N N N N N N N N N N N N N N N N N N N N N N N N N N N N N N N N N N N N N N N N N N N N N N N N N N N -123.333435 -123.310463 -123.287491 -123.264519 -123.241547 -123.218575 -123.195602 -123.17263 -123.149658 -123.126686 -123.103714 -123.080734 -123.057762 -123.03479 -123.01181 -122.988838 -122.965858 -122.942886 -122.919907 -122.896927
N N N N N N N N N N N N N N N N N N N N N N N N N N N N N N N N N N N N N N N N N N N N N N N N N N N N N N N N -123.309662 -123.286697 -123.263725 -123.240761 -123.217796 -123.194832 -123.17186 -123.148895 -123.125923 -123.102959 -123.079987 -123.057022 -123.03405 -123.011078 -122.988113 -122.965141 -122.942169 -122.919197 -122.896225
N N N N N N N N N N N N N N N N N N N N N N N N N N N N N N N N N N N N N N N N N N N N N N N N N N N N N N N N N -123.285896 -123.262939 -123.239975 -123.217018 -123.194054 -123.171097 -123.148132 -123.125168 -123.102203 -123.079247 -123.056282 -123.033318 -123.010353 -122.987389 -122.964424 -122.94146 -122.918495 -122.895523
N N N N N N N N N N N N N N N N N N N N N N N N N N N N N N N N N N N N N N N N N N N N N N N N N N N N N N N N N N -123.262146 -123.239189 -123.21624 -123.193283 -123.170326 -123.147369 -123.124413 -123.101456 -123.078499 -123.055542 -123.032585 -123.009621 -122.986664 -122.963707 -122.940742 -122.917786 -122.894821
N N N N N N N N N N N N N N N N N N N N N N N N N N N N N N N N N N N N N N N N N N N N N N N N N N N N N N N N N N N -123.238411 -123.215462 -123.192505 -123.169556 -123.146606 -123.123657 -123.1007 -123.077751 -123.054802 -123.031845 -123.008896 -122.985939 -122.96299 -122.940033 -122.917076 -122.894127
N N N N N N N N N N N N N N N N N N N N N N N N N N N N N N N N N N N N N N N N N N N N N N N N N N N N N N N N N N N N N -123.191734 -123.168793 -123.145844 -123.122902 -123.099953 -123.077003 -123.054062 -123.031113 -123.008163 -122.985214 -122.962273 -122.939323 -122.916374 -122.893425
N N N N N N N N N N N N N N N N N N N N N N N N N N N N N N N N N N N N N N N N N N N N N N N N N N N N N N N N N N N N N N -123.168022 -123.145081 -123.122147 -123.099205 -123.076263 -123.053322 -123.03038 -123.007439 -122.984497 -122.961555 -122.938606 -122.915665 -122.892723
