src/viewer/etc/long.raster
north: 450000
south: -650000
east: 600000
west: -400000
rows: 550
cols: 500
[rows 33 to 65 of 550, columns 0 to 74 of 500]
N N N N N N N N N N N N N N N N N N N N N N N N N N N N N N -124.06311 -124.039238 -124.015366 -123.991493 -123.967621 -123.943748 -123.919868 -123.895996 -123.872124 -123.848244 -123.824371 -123.800491 -123.776619 -123.752739 -123.728859 -123.704979 -123.681099 -123.657227 -123.633347 -123.609459 -123.585579 -123.561699 -123.537819 -123.513939 -123.490051 -123.466171 -123.442284 -123.418404 -123.394516 -123.370636 -123.346748 -123.322861 -123.298973 -123.275093 -123.251205 -123.227318 -123.20343 -123.179543 -123.155655 -123.13176 -123.107872 -123.083984 -123.060089 -123.036201 -123.012314
N N N N N N N N N N N N N N N N N N N N N N N N N N N N N -124.085953 -124.062088 -124.038216 -124.014351 -123.990486 -123.966621 -123.942749 -123.918884 -123.895012 -123.871147 -123.847275 -123.823402 -123.799538 -123.775665 -123.751793 -123.727921 -123.704048 -123.680176 -123.656303 -123.632431 -123.608551 -123.584679 -123.560806 -123.536926 -123.513054 -123.489174 -123.465294 -123.441422 -123.417542 -123.393661 -123.369781 -123.345901 -123.322029 -123.298149 -123.274261 -123.250381 -123.226501 -123.202621 -123.178741 -123.154854 -123.130974 -123.107086 -123.083206 -123.059319 -123.035439 -123.011551
N N N N N N N N N N N N N N N N N N N N N N N N N N N N N -124.084923 -124.061066 -124.037201 -124.013344 -123.989479 -123.965622 -123.941757 -123.9179 -123.894035 -123.870171 -123.846306 -123.822441 -123.798576 -123.774712 -123.750847 -123.726982 -123.703117 -123.679245 -123.65538 -123.631516 -123.607643 -123.583778 -123.559906 -123.536034 -123.512169 -123.488297 -123.464424 -123.440552 -123.416679 -123.392807 -123.368935 -123.345062 -123.32119 -123.297318 -123.273438 -123.249565 -123.225693 -123.201813 -123.17794 -123.15406 -123.130188 -123.106308 -123.082428 -123.058548 -123.034676 -123.010796
N N N N N N N N N N N N N N N N N N N N N N N N N N N N N -124.083893 -124.060043 -124.036186 -124.012329 -123.98848 -123.964622 -123.940765 -123.916908 -123.893051 -123.869194 -123.845337 -123.82148 -123.797623 -123.773766 -123.749901 -123.726044 -123.702179 -123.678322 -123.654457 -123.6306 -123.606735 -123.58287 -123.559013 -123.535149 -123.511284 -123.487419 -123.463554 -123.43969 -123.415817 -123.391953 -123.368088 -123.344223 -123.320351 -123.296486 -123.272614 -123.248749 -123.224876 -123.201004 -123.177139 -123.153267 -123.129395 -123.105522 -123.08165 -123.057777 -123.033905 -123.010033
N N N N N N N N N N N N N N N N N N N N N N N N N N N N N -124.082863 -124.059021 -124.035172 -124.011322 -123.987473 -123.963623 -123.939774 -123.915924 -123.892075 -123.868225 -123.844368 -123.820518 -123.796669 -123.772812 -123.748962 -123.725105 -123.701248 -123.677399 -123.653542 -123.629684 -123.605827 -123.58197 -123.558113 -123.534256 -123.510399 -123.486542 -123.462677 -123.43882 -123.414963 -123.391098 -123.367241 -123.343376 -123.319519 -123.295654 -123.27179 -123.247932 -123.224068 -123.200203 -123.176338 -123.152473 -123.128609 -123.104744 -123.080879 -123.057007 -123.033142 -123.009277
N N N N N N N N N N N N N N N N N N N N N N N N N N N N N -124.081841 -124.057999 -124.034157 -124.010315 -123.986473 -123.962624 -123.938782 -123.91494 -123.891098 -123.867249 -123.843407 -123.819557 -123.795708 -123.771866 -123.748016 -123.724167 -123.700317 -123.676468 -123.652618 -123.628769 -123.604919 -123.58107 -123.55722 -123.533363 -123.509514 -123.485664 -123.461807 -123.437958 -123.414101 -123.390244 -123.366394 -123.342537 -123.31868 -123.294823 -123.270966 -123.247108 -123.223251 -123.199394 -123.175537 -123.15168 -123.127823 -123.103958 -123.080101 -123.056244 -123.032379 -123.008522
N N N N N N N N N N N N N N N N N N N N N N N N N N N N -124.104645 -124.080811 -124.056976 -124.033142 -124.0093 -123.985466 -123.961632 -123.93779 -123.913956 -123.890114 -123.86628 -123.842438 -123.818596 -123.794754 -123.770912 -123.74707 -123.723228 -123.699387 -123.675545 -123.651703 -123.627861 -123.604012 -123.58017 -123.55632 -123.532478 -123.508629 -123.484787 -123.460938 -123.437088 -123.413239 -123.389397 -123.365547 -123.341698 -123.317848 -123.293999 -123.270142 -123.246292 -123.222443 -123.198593 -123.174736 -123.150887 -123.127029 -123.10318 -123.079323 -123.055473 -123.031616 -123.007759
N N N N N N N N N N N N N N N N N N N N N N N N N N N N -124.103615 -124.079788 -124.055954 -124.032127 -124.008293 -123.984467 -123.960632 -123.936798 -123.912971 -123.889137 -123.865303 -123.841469 -123.817635 -123.7938 -123.769966 -123.746132 -123.722298 -123.698456 -123.674622 -123.65078 -123.626945 -123.603104 -123.579269 -123.555428 -123.531586 -123.507751 -123.48391 -123.460068 -123.436226 -123.412384 -123.388542 -123.3647 -123.340851 -123.317009 -123.293167 -123.269325 -123.245476 -123.221634 -123.197784 -123.173943 -123.150093 -123.126244 -123.102402 -123.078552 -123.054703 -123.030853 -123.007004
N N N N N N N N N N N N N N N N N N N N N N N N N N N N -124.102585 -124.078758 -124.054939 -124.031113 -124.007286 -123.983459 -123.959641 -123.935814 -123.911987 -123.888161 -123.864334 -123.840508 -123.816673 -123.792847 -123.76902 -123.745186 -123.721359 -123.697525 -123.673698 -123.649864 -123.62603 -123.602203 -123.578369 -123.554535 -123.530701 -123.506866 -123.483032 -123.459198 -123.435364 -123.411522 -123.387688 -123.363853 -123.340012 -123.316177 -123.292336 -123.268501 -123.244659 -123.220818 -123.196983 -123.173141 -123.1493 -123.125458 -123.101616 -123.077774 -123.053932 -123.03009 -123.006248
N N N N N N N N N N N N N N N N N N N N N N N N N N N N -124.101547 -124.077736 -124.053917 -124.030098 -124.006279 -123.98246 -123.958641 -123.934822 -123.911003 -123.887184 -123.863358 -123.839539 -123.81572 -123.791893 -123.768074 -123.744247 -123.720421 -123.696594 -123.672775 -123.648949 -123.625122 -123.601295 -123.577469 -123.553642 -123.529816 -123.505981 -123.482155 -123.458328 -123.434494 -123.410667 -123.386833 -123.363007 -123.339172 -123.315346 -123.291512 -123.267677 -123.243843 -123.220009 -123.196175 -123.17234 -123.148506 -123.124672 -123.100838 -123.077003 -123.053169 -123.029327 -123.005493
N N N N N N N N N N N N N N N N N N N N N N N N N N N -124.124329 -124.100517 -124.076706 -124.052895 -124.029083 -124.005272 -123.981461 -123.957649 -123.93383 -123.910019 -123.886208 -123.862389 -123.83857 -123.814758 -123.790939 -123.76712 -123.743309 -123.71949 -123.695671 -123.671852 -123.648033 -123.624207 -123.600388 -123.576569 -123.55275 -123.528923 -123.505104 -123.481277 -123.457458 -123.433632 -123.409813 -123.385986 -123.36216 -123.338333 -123.314507 -123.29068 -123.266853 -123.243027 -123.2192 -123.195374 -123.171547 -123.14772 -123.123886 -123.10006 -123.076225 -123.052399 -123.028564 -123.004738
N N N N N N N N N N N N N N N N N N N N N N N N N N N -124.123291 -124.099487 -124.075684 -124.05188 -124.028076 -124.004265 -123.980461 -123.95665 -123.932846 -123.909035 -123.885231 -123.86142 -123.837608 -123.813797 -123.789986 -123.766174 -123.742363 -123.718552 -123.69474 -123.670929 -123.64711 -123.623299 -123.599487 -123.575668 -123.551857 -123.528038 -123.504219 -123.480408 -123.456589 -123.43277 -123.408951 -123.385132 -123.361313 -123.337494 -123.313675 -123.289856 -123.266037 -123.24221 -123.218391 -123.194572 -123.170746 -123.146927 -123.1231 -123.099281 -123.075455 -123.051628 -123.027809 -123.003983
N N N N N N N N N N N N N N N N N N N N N N N N N N N -124.122261 -124.098457 -124.074661 -124.050865 -124.027061 -124.003258 -123.979462 -123.955658 -123.931854 -123.908058 -123.884254 -123.860451 -123.836647 -123.812843 -123.789032 -123.765228 -123.741425 -123.717621 -123.69381 -123.670006 -123.646194 -123.622391 -123.598579 -123.574768 -123.550964 -123.527153 -123.503342 -123.47953 -123.455719 -123.431908 -123.408096 -123.384285 -123.360474 -123.336655 -123.312843 -123.289032 -123.265213 -123.241402 -123.217583 -123.193771 -123.169952 -123.146133 -123.122314 -123.098503 -123.074684 -123.050865 -123.027046 -123.003227
N N N N N N N N N N N N N N N N N N N N N N N N N N -124.145012 -124.121223 -124.097427 -124.073639 -124.049843 -124.026047 -124.002258 -123.978462 -123.954666 -123.93087 -123.907074 -123.883278 -123.859482 -123.835678 -123.811882 -123.788086 -123.764282 -123.740486 -123.716682 -123.692886 -123.669083 -123.645279 -123.621475 -123.597679 -123.573875 -123.550072 -123.526268 -123.502464 -123.478653 -123.454849 -123.431046 -123.407242 -123.38343 -123.359627 -123.335815 -123.312012 -123.2882 -123.264397 -123.240585 -123.216774 -123.192963 -123.169159 -123.145348 -123.121536 -123.097725 -123.073914 -123.050095 -123.026283 -123.002472
N N N N N N N N N N N N N N N N N N N N N N N N N N -124.143974 -124.120186 -124.096405 -124.072617 -124.048828 -124.02504 -124.001251 -123.977463 -123.953674 -123.929886 -123.90609 -123.882301 -123.858513 -123.834717 -123.810928 -123.787132 -123.763336 -123.739548 -123.715752 -123.691956 -123.668159 -123.644363 -123.620567 -123.596771 -123.572975 -123.549179 -123.525383 -123.501579 -123.477783 -123.453987 -123.430183 -123.406387 -123.382584 -123.35878 -123.334984 -123.31118 -123.287376 -123.263573 -123.239769 -123.215965 -123.192162 -123.168358 -123.144554 -123.12075 -123.096947 -123.073135 -123.049332 -123.025528 -123.001717
N N N N N N N N N N N N N N N N N N N N N N N N N -124.16671 -124.142937 -124.119156 -124.095375 -124.071594 -124.047813 -124.024033 -124.000244 -123.976463 -123.952682 -123.928894 -123.905113 -123.881325 -123.857544 -123.833755 -123.809967 -123.786179 -123.762398 -123.738609 -123.714821 -123.691032 -123.667244 -123.643448 -123.619659 -123.595871 -123.572083 -123.548286 -123.524498 -123.500702 -123.476913 -123.453117 -123.429321 -123.405525 -123.381737 -123.357941 -123.334145 -123.310349 -123.286552 -123.262756 -123.23896 -123.215157 -123.19136 -123.167564 -123.143768 -123.119965 -123.096169 -123.072365 -123.048569 -123.024765 -123.000961
N N N N N N N N N N N N N N N N N N N N N N N N N -124.165665 -124.141891 -124.118118 -124.094345 -124.070572 -124.046799 -124.023018 -123.999245 -123.975464 -123.951691 -123.92791 -123.904129 -123.880356 -123.856575 -123.832794 -123.809013 -123.785233 -123.761452 -123.737671 -123.713882 -123.690102 -123.666321 -123.64254 -123.618752 -123.594971 -123.571182 -123.547394 -123.523613 -123.499825 -123.476036 -123.452248 -123.428459 -123.404671 -123.380882 -123.357094 -123.333305 -123.309517 -123.285728 -123.261932 -123.238144 -123.214355 -123.190559 -123.166771 -123.142975 -123.119179 -123.09539 -123.071594 -123.047798 -123.024002 -123.000214
N N N N N N N N N N N N N N N N N N N N N N N N N -124.164619 -124.140854 -124.117088 -124.093323 -124.06955 -124.045784 -124.022011 -123.998238 -123.974472 -123.950699 -123.926926 -123.903152 -123.879379 -123.855606 -123.831833 -123.80806 -123.784279 -123.760506 -123.736732 -123.712952 -123.689178 -123.665398 -123.641624 -123.617844 -123.594063 -123.57029 -123.546509 -123.522728 -123.498947 -123.475166 -123.451385 -123.427605 -123.403816 -123.380035 -123.356255 -123.332474 -123.308685 -123.284904 -123.261116 -123.237335 -123.213547 -123.189758 -123.16597 -123.142189 -123.118401 -123.094612 -123.070824 -123.047035 -123.023247 -122.999458
N N N N N N N N N N N N N N N N N N N N N N N N N -124.163582 -124.139816 -124.116058 -124.092293 -124.068527 -124.044769 -124.021004 -123.997238 -123.973473 -123.949707 -123.925941 -123.902176 -123.878403 -123.854637 -123.830872 -123.807098 -123.783333 -123.759567 -123.735794 -123.712021 -123.688255 -123.664482 -123.640709 -123.616936 -123.593163 -123.569389 -123.545616 -123.521843 -123.49807 -123.474297 -123.450516 -123.426743 -123.402962 -123.379189 -123.355408 -123.331635 -123.307854 -123.284081 -123.2603 -123.236519 -123.212738 -123.188957 -123.165176 -123.141396 -123.117615 -123.093834 -123.070053 -123.046272 -123.022491 -122.998703
N N N N N N N N N N N N N N N N N N N N N N N N N N -124.138779 -124.115021 -124.091263 -124.067513 -124.043755 -124.019997 -123.996231 -123.972473 -123.948715 -123.924957 -123.901192 -123.877434 -123.853676 -123.82991 -123.806145 -123.782387 -123.758621 -123.734856 -123.71109 -123.687325 -123.663559 -123.639793 -123.616028 -123.592262 -123.568497 -123.544731 -123.520958 -123.497192 -123.473419 -123.449654 -123.42588 -123.402115 -123.378342 -123.354568 -123.330795 -123.30703 -123.283257 -123.259483 -123.23571 -123.211937 -123.188156 -123.164383 -123.14061 -123.116837 -123.093056 -123.069283 -123.045509 -123.021729 -122.997955
N N N N N N N N N N N N N N N N N N N N N N N N N N N -124.113991 -124.09024 -124.06649 -124.04274 -124.018982 -123.995232 -123.971481 -123.947723 -123.923973 -123.900215 -123.876465 -123.852707 -123.828949 -123.805191 -123.781433 -123.757675 -123.733917 -123.710159 -123.686401 -123.662643 -123.638885 -123.61512 -123.591362 -123.567604 -123.543839 -123.520073 -123.496315 -123.472549 -123.448784 -123.425026 -123.40126 -123.377495 -123.353729 -123.329964 -123.306198 -123.282433 -123.258667 -123.234894 -123.211128 -123.187363 -123.163589 -123.139824 -123.116051 -123.092285 -123.068512 -123.044746 -123.020973 -122.9972
N N N N N N N N N N N N N N N N N N N N N N N N N N N -124.112961 -124.089218 -124.065468 -124.041725 -124.017975 -123.994232 -123.970482 -123.946739 -123.922989 -123.899239 -123.875488 -123.851738 -123.827988 -123.804237 -123.780487 -123.756737 -123.732986 -123.709229 -123.685478 -123.661728 -123.63797 -123.61422 -123.590462 -123.566704 -123.542953 -123.519196 -123.495438 -123.47168 -123.447922 -123.424164 -123.400406 -123.376648 -123.35289 -123.329124 -123.305367 -123.281609 -123.257843 -123.234085 -123.21032 -123.186562 -123.162796 -123.139038 -123.115273 -123.091507 -123.067741 -123.043976 -123.020218 -122.996452
N N N N N N N N N N N N N N N N N N N N N N N N N N N -124.111931 -124.088188 -124.064453 -124.04071 -124.016975 -123.993233 -123.96949 -123.945747 -123.922005 -123.898262 -123.874519 -123.850777 -123.827034 -123.803284 -123.779541 -123.755798 -123.732048 -123.708305 -123.684555 -123.660805 -123.637062 -123.613312 -123.589561 -123.565811 -123.542061 -123.518311 -123.49456 -123.47081 -123.44706 -123.423309 -123.399551 -123.375801 -123.352051 -123.328293 -123.304543 -123.280785 -123.257027 -123.233276 -123.209518 -123.18576 -123.162003 -123.138252 -123.114494 -123.090736 -123.066978 -123.043213 -123.019455 -122.995697
N N N N N N N N N N N N N N N N N N N N N N N N N N -124.134636 -124.110901 -124.087166 -124.063431 -124.039703 -124.015968 -123.992233 -123.968498 -123.944756 -123.921021 -123.897285 -123.87355 -123.849808 -123.826073 -123.80233 -123.778595 -123.754852 -123.731117 -123.707375 -123.683632 -123.659889 -123.636147 -123.612404 -123.588661 -123.564919 -123.541176 -123.517433 -123.493683 -123.46994 -123.446198 -123.422447 -123.398705 -123.374954 -123.351204 -123.327461 -123.303711 -123.279961 -123.25621 -123.232468 -123.208717 -123.184967 -123.161217 -123.137459 -123.113708 -123.089958 -123.066208 -123.04245 -123.0187 -122.994949
N N N N N N N N N N N N N N N N N N N N N N N N N N -124.133598 -124.109871 -124.086143 -124.062416 -124.038689 -124.014961 -123.991234 -123.967499 -123.943771 -123.920044 -123.896309 -123.872581 -123.848846 -123.825111 -123.801384 -123.777649 -123.753914 -123.730179 -123.706444 -123.682709 -123.658974 -123.635239 -123.611504 -123.587761 -123.564026 -123.540291 -123.516548 -123.492813 -123.46907 -123.445328 -123.421593 -123.39785 -123.374107 -123.350365 -123.32663 -123.302887 -123.279144 -123.255394 -123.231651 -123.207909 -123.184166 -123.160423 -123.136673 -123.11293 -123.089188 -123.065437 -123.041695 -123.017944 -122.994194
N N N N N N N N N N N N N N N N N N N N N N N N N N -124.132561 -124.108841 -124.085121 -124.061401 -124.037674 -124.013954 -123.990234 -123.966507 -123.942787 -123.91906 -123.895332 -123.871605 -123.847885 -123.824158 -123.80043 -123.776703 -123.752975 -123.729248 -123.705513 -123.681786 -123.658058 -123.634323 -123.610596 -123.586868 -123.563133 -123.539398 -123.515671 -123.491936 -123.468201 -123.444466 -123.420731 -123.397003 -123.37326 -123.349525 -123.32579 -123.302055 -123.27832 -123.254585 -123.230843 -123.207108 -123.183365 -123.15963 -123.135887 -123.112152 -123.088409 -123.064667 -123.040932 -123.017189 -122.993446
N N N N N N N N N N N N N N N N N N N N N N N N N N -124.131531 -124.107811 -124.084099 -124.060379 -124.036667 -124.012947 -123.989235 -123.965515 -123.941795 -123.918076 -123.894356 -123.870636 -123.846916 -123.823196 -123.799477 -123.775757 -123.752037 -123.72831 -123.70459 -123.680862 -123.657143 -123.633415 -123.609695 -123.585968 -123.562241 -123.538513 -123.514786 -123.491058 -123.467331 -123.443604 -123.419876 -123.396149 -123.372421 -123.348686 -123.324959 -123.301231 -123.277496 -123.253769 -123.230034 -123.206306 -123.182571 -123.158836 -123.135101 -123.111374 -123.087639 -123.063904 -123.040169 -123.016434 -122.992699
N N N N N N N N N N N N N N N N N N N N N N N N N -124.154205 -124.130493 -124.106789 -124.083076 -124.059364 -124.03566 -124.011948 -123.988235 -123.964523 -123.940811 -123.917099 -123.893387 -123.869667 -123.845955 -123.822243 -123.798523 -123.774811 -123.751099 -123.727379 -123.703659 -123.679947 -123.656227 -123.632507 -123.608788 -123.585068 -123.561348 -123.537628 -123.513908 -123.490189 -123.466469 -123.442741 -123.419022 -123.395302 -123.371574 -123.347855 -123.324127 -123.3004 -123.27668 -123.252953 -123.229225 -123.205498 -123.181778 -123.158051 -123.134323 -123.110596 -123.086861 -123.063133 -123.039406 -123.015678 -122.991951
N N N N N N N N N N N N N N N N N N N N N N N N N -124.15316 -124.129463 -124.105759 -124.082054 -124.05835 -124.034645 -124.010941 -123.987236 -123.963531 -123.939827 -123.916115 -123.89241 -123.868706 -123.844994 -123.821289 -123.797577 -123.773865 -123.750153 -123.726448 -123.702736 -123.679024 -123.655312 -123.631599 -123.607887 -123.584175 -123.560455 -123.536743 -123.513031 -123.489311 -123.465599 -123.441879 -123.418167 -123.394447 -123.370735 -123.347015 -123.323296 -123.299576 -123.275856 -123.252136 -123.228416 -123.204697 -123.180977 -123.157257 -123.133537 -123.109818 -123.08609 -123.06237 -123.038643 -123.014923 -122.991196
N N N N N N N N N N N N N N N N N N N N N N N N N -124.152122 -124.128426 -124.104729 -124.081032 -124.057335 -124.033638 -124.009941 -123.986237 -123.96254 -123.938843 -123.915138 -123.891434 -123.867737 -123.844032 -123.820328 -123.796623 -123.772919 -123.749222 -123.725517 -123.701805 -123.678101 -123.654396 -123.630692 -123.606979 -123.583275 -123.55957 -123.535858 -123.512154 -123.488441 -123.464729 -123.441025 -123.417313 -123.3936 -123.369888 -123.346176 -123.322464 -123.298752 -123.27504 -123.251328 -123.227608 -123.203896 -123.180183 -123.156464 -123.132751 -123.109039 -123.08532 -123.0616 -123.037888 -123.014168 -122.990448
N N N N N N N N N N N N N N N N N N N N N N N N -124.174774 N -124.127396 -124.103706 -124.080017 -124.05632 -124.032631 -124.008934 -123.985245 -123.961548 -123.937851 -123.914162 -123.890465 -123.866768 -123.843071 -123.819374 -123.795677 -123.77198 -123.748283 -123.724579 -123.700882 -123.677185 -123.653481 -123.629784 -123.606079 -123.582382 -123.558678 -123.534973 -123.511269 -123.487572 -123.463867 -123.440163 -123.416458 -123.392754 -123.369049 -123.345337 -123.321632 -123.297928 -123.274216 -123.250511 -123.226807 -123.203094 -123.17939 -123.155678 -123.131966 -123.108261 -123.084549 -123.060837 -123.037125 -123.013412 -122.9897
N N N N N N N N N N N N N N N N N N N N N N N N N N N N -124.078995 -124.055305 -124.031624 -124.007935 -123.984245 -123.960556 -123.936867 -123.913177 -123.889488 -123.865799 -123.84211 -123.81842 -123.794731 -123.771034 -123.747345 -123.723648 -123.699959 -123.676262 -123.652573 -123.628876 -123.605179 -123.581482 -123.557785 -123.534088 -123.510391 -123.486694 -123.462997 -123.439301 -123.415604 -123.391899 -123.368202 -123.344505 -123.320801 -123.297104 -123.273399 -123.249702 -123.225998 -123.202293 -123.178589 -123.154884 -123.131187 -123.107483 -123.083778 -123.060074 -123.036369 -123.012657 -122.988953
N N N N N N N N N N N N N N N N N N N N N N N -124.196365 N N N -124.101654 -124.077972 -124.054291 -124.030617 -124.006935 -123.983253 -123.959572 -123.935883 -123.912201 -123.888519 -123.864838 -123.841148 -123.817467 -123.793777 -123.770096 -123.746407 -123.722717 -123.699036 -123.675346 -123.651657 -123.627968 -123.604279 -123.580589 -123.5569 -123.533211 -123.509514 -123.485825 -123.462135 -123.438438 -123.414749 -123.391052 -123.367363 -123.343666 -123.319969 -123.29628 -123.272583 -123.248886 -123.225189 -123.201492 -123.177795 -123.154099 -123.130402 -123.106705 -123.083008 -123.059303 -123.035606 -123.011909 -122.988205
