src/viewer/etc/long.raster
north: 450000
south: -650000
east: 600000
west: -400000
rows: 550
cols: 500
[rows 132 to 164 of 550, columns 150 to 224 of 500]
-121.166573 -121.143242 -121.119911 -121.096581 -121.073257 -121.049927 -121.026596 -121.003265 -120.979935 -120.956604 -120.933273 -120.909943 -120.886612 -120.863281 -120.839951 -120.81662 -120.793289 -120.769958 -120.746628 -120.723297 -120.699966 -120.676636 -120.653305 -120.629974 -120.606636 -120.583305 -120.559975 -120.536644 -120.513313 -120.489983 -120.466652 -120.443314 -120.419983 -120.396652 -120.373322 -120.349991 -120.326653 -120.303322 -120.279991 -120.25666 -120.233322 -120.209991 -120.186661 -120.16333 -120.139992 -120.116661 -120.09333 -120.07 -120.046669 -120.023331 N N N N N N N N N N N N N N N N N N N N N N N N N
-121.166283 -121.14296 -121.119637 -121.096313 -121.07299 -121.049667 -121.026344 -121.003021 -120.979691 -120.956367 -120.933044 -120.909721 -120.886398 -120.863068 -120.839745 -120.816422 -120.793098 -120.769768 -120.746445 -120.723122 -120.699791 -120.676468 -120.653145 -120.629814 -120.606491 -120.583168 -120.559837 -120.536514 -120.513184 -120.489861 -120.46653 -120.443207 -120.419884 -120.396553 -120.37323 -120.349899 -120.326576 -120.303246 -120.279922 -120.256592 -120.233269 -120.209938 -120.186615 -120.163284 -120.139961 -120.116631 -120.093307 -120.069977 -120.046654 -120.023323 N N N N N N N N N N N N N N N N N N N N N N N N N
-121.166 -121.142677 -121.119362 -121.096046 -121.072723 -121.049408 -121.026093 -121.002769 -120.979454 -120.956131 -120.932816 -120.909492 -120.886177 -120.862862 -120.839539 -120.816216 -120.7929 -120.769577 -120.746262 -120.722939 -120.699623 -120.6763 -120.652985 -120.629662 -120.606339 -120.583023 -120.5597 -120.536377 -120.513062 -120.489738 -120.466415 -120.4431 -120.419777 -120.396454 -120.373138 -120.349815 -120.326492 -120.303177 -120.279854 -120.256531 -120.233208 -120.209892 -120.186569 -120.163246 -120.139923 -120.116608 -120.093285 -120.069962 -120.046638 -120.023323 N N N N N N N N N N N N N N N N N N N N N N N N N
-121.16571 -121.142403 -121.119087 -121.095772 -121.072464 -121.049149 -121.025841 -121.002525 -120.97921 -120.955902 -120.932587 -120.909271 -120.885956 -120.862648 -120.839333 -120.816017 -120.792702 -120.769394 -120.746078 -120.722763 -120.699448 -120.676132 -120.652824 -120.629509 -120.606194 -120.582878 -120.559563 -120.536247 -120.512932 -120.489616 -120.466301 -120.442986 -120.419678 -120.396362 -120.373047 -120.349731 -120.326416 -120.303101 -120.279785 -120.25647 -120.233154 -120.209839 -120.186523 -120.163208 -120.139893 -120.116577 -120.093262 -120.069946 -120.046631 -120.023315 N N N N N N N N N N N N N N N N N N N N N N N N N
-121.165421 -121.14212 -121.118813 -121.095505 -121.072197 -121.048889 -121.025581 -121.002281 -120.978973 -120.955666 -120.932358 -120.90905 -120.885742 -120.862434 -120.839127 -120.815819 -120.792511 -120.769203 -120.745895 -120.722588 -120.69928 -120.675972 -120.652657 -120.629349 -120.606041 -120.582733 -120.559425 -120.536118 -120.51281 -120.489502 -120.466187 -120.442879 -120.419571 -120.396263 -120.372955 -120.34964 -120.326332 -120.303024 -120.279716 -120.256409 -120.233093 -120.209785 -120.186478 -120.16317 -120.139854 -120.116547 -120.093239 -120.069931 -120.046616 -120.023308 N N N N N N N N N N N N N N N N N N N N N N N N N
-121.165138 -121.141838 -121.118538 -121.095238 -121.071938 -121.048637 -121.02533 -121.002029 -120.978729 -120.955429 -120.932129 -120.908829 -120.885521 -120.862221 -120.838921 -120.81562 -120.792313 -120.769012 -120.745712 -120.722404 -120.699104 -120.675804 -120.652496 -120.629196 -120.605896 -120.582588 -120.559288 -120.535988 -120.51268 -120.48938 -120.466072 -120.442772 -120.419472 -120.396164 -120.372864 -120.349556 -120.326256 -120.302948 -120.279648 -120.25634 -120.23304 -120.209732 -120.186432 -120.163124 -120.139824 -120.116516 -120.093216 -120.069908 -120.046608 -120.0233 N N N N N N N N N N N N N N N N N N N N N N N N N
-121.164848 -121.141556 -121.118263 -121.094963 -121.071671 -121.048378 -121.025078 -121.001785 -120.978493 -120.955193 -120.9319 -120.9086 -120.885307 -120.862007 -120.838715 -120.815414 -120.792122 -120.768822 -120.745529 -120.722229 -120.698936 -120.675636 -120.652336 -120.629044 -120.605743 -120.582451 -120.559151 -120.535851 -120.512558 -120.489258 -120.465958 -120.442665 -120.419365 -120.396065 -120.372772 -120.349472 -120.326172 -120.302879 -120.279579 -120.256279 -120.232979 -120.209686 -120.186386 -120.163086 -120.139786 -120.116493 -120.093193 -120.069893 -120.046593 -120.0233 N N N N N N N N N N N N N N N N N N N N N N N N N
-121.164566 -121.141273 -121.117989 -121.094696 -121.071411 -121.048119 -121.024826 -121.001541 -120.978249 -120.954956 -120.931671 -120.908379 -120.885086 -120.861801 -120.838509 -120.815216 -120.791924 -120.768639 -120.745346 -120.722054 -120.698761 -120.675468 -120.652176 -120.628891 -120.605598 -120.582306 -120.559013 -120.535721 -120.512428 -120.489136 -120.465843 -120.442551 -120.419258 -120.395973 -120.372681 -120.349388 -120.326096 -120.302803 -120.27951 -120.256218 -120.232925 -120.209633 -120.18634 -120.163048 -120.139755 -120.116463 -120.09317 -120.069878 -120.046585 -120.023293 N N N N N N N N N N N N N N N N N N N N N N N N N
-121.164276 -121.140999 -121.117714 -121.094429 -121.071144 -121.047859 -121.024574 -121.001297 -120.978012 -120.954727 -120.931442 -120.908157 -120.884872 -120.861588 -120.838303 -120.815018 -120.791733 -120.768448 -120.745163 -120.721878 -120.698593 -120.675308 -120.652016 -120.628731 -120.605446 -120.582161 -120.558876 -120.535591 -120.512306 -120.489021 -120.465729 -120.442444 -120.419159 -120.395874 -120.372589 -120.349297 -120.326012 -120.302727 -120.279442 -120.256157 -120.232864 -120.209579 -120.186295 -120.16301 -120.139717 -120.116432 -120.093147 -120.069862 -120.04657 -120.023285 N N N N N N N N N N N N N N N N N N N N N N N N N
-121.163994 -121.140717 -121.117439 -121.094162 -121.070885 -121.047607 -121.024323 -121.001045 -120.977768 -120.954491 -120.931213 -120.907936 -120.884651 -120.861374 -120.838097 -120.814819 -120.791534 -120.768257 -120.74498 -120.721695 -120.698418 -120.67514 -120.651855 -120.628578 -120.605301 -120.582016 -120.558739 -120.535461 -120.512177 -120.488899 -120.465614 -120.442337 -120.41906 -120.395775 -120.372498 -120.349213 -120.325935 -120.30265 -120.279373 -120.256088 -120.232811 -120.209526 -120.186249 -120.162964 -120.139687 -120.116402 -120.093124 -120.069839 -120.046562 -120.023277 N N N N N N N N N N N N N N N N N N N N N N N N N
-121.163712 -121.140434 -121.117165 -121.093895 -121.070618 -121.047348 -121.024071 -121.000801 -120.977531 -120.954254 -120.930984 -120.907707 -120.884438 -120.86116 -120.837891 -120.814613 -120.791344 -120.768066 -120.744797 -120.721519 -120.69825 -120.674973 -120.651695 -120.628426 -120.605148 -120.581879 -120.558601 -120.535324 -120.512054 -120.488777 -120.4655 -120.44223 -120.418953 -120.395676 -120.372406 -120.349129 -120.325851 -120.302582 -120.279305 -120.256027 -120.23275 -120.20948 -120.186203 -120.162926 -120.139648 -120.116379 -120.093102 -120.069824 -120.046547 -120.023277 N N N N N N N N N N N N N N N N N N N N N N N N N
-121.163422 -121.14016 -121.11689 -121.09362 -121.070358 -121.047089 -121.023827 -121.000557 -120.977287 -120.954025 -120.930756 -120.907486 -120.884216 -120.860954 -120.837685 -120.814415 -120.791145 -120.767883 -120.744614 -120.721344 -120.698074 -120.674805 -120.651543 -120.628273 -120.605003 -120.581734 -120.558464 -120.535194 -120.511925 -120.488655 -120.465385 -120.442116 -120.418854 -120.395584 -120.372314 -120.349045 -120.325775 -120.302505 -120.279236 -120.255966 -120.232697 -120.209427 -120.186157 -120.162888 -120.139618 -120.116348 -120.093079 -120.069809 -120.046539 -120.02327 N N N N N N N N N N N N N N N N N N N N N N N N N
-121.163139 -121.139877 -121.116615 -121.093353 -121.070091 -121.046837 -121.023575 -121.000313 -120.977051 -120.953789 -120.930527 -120.907265 -120.884003 -120.860741 -120.837479 -120.814217 -120.790955 -120.767693 -120.744431 -120.721169 -120.697906 -120.674644 -120.651382 -120.628113 -120.604851 -120.581589 -120.558327 -120.535065 -120.511803 -120.488541 -120.465271 -120.442009 -120.418747 -120.395485 -120.372223 -120.348953 -120.325691 -120.302429 -120.279167 -120.255905 -120.232635 -120.209373 -120.186111 -120.162849 -120.13958 -120.116318 -120.093056 -120.069794 -120.046524 -120.023262 N N N N N N N N N N N N N N N N N N N N N N N N N
-121.162849 -121.139595 -121.116341 -121.093086 -121.069832 -121.046577 -121.023323 -121.000069 -120.976807 -120.953552 -120.930298 -120.907043 -120.883789 -120.860527 -120.837273 -120.814018 -120.790764 -120.767502 -120.744247 -120.720993 -120.697731 -120.674477 -120.651222 -120.62796 -120.604706 -120.581444 -120.558189 -120.534935 -120.511673 -120.488419 -120.465157 -120.441902 -120.418648 -120.395386 -120.372131 -120.348869 -120.325615 -120.302353 -120.279099 -120.255836 -120.232582 -120.20932 -120.186066 -120.162804 -120.139549 -120.116287 -120.093033 -120.069771 -120.046516 -120.023254 N N N N N N N N N N N N N N N N N N N N N N N N N
-121.162567 -121.13932 -121.116066 -121.092819 -121.069572 -121.046318 -121.023071 -120.999817 -120.97657 -120.953323 -120.930069 -120.906822 -120.883568 -120.860321 -120.837067 -120.81382 -120.790565 -120.767319 -120.744064 -120.72081 -120.697563 -120.674309 -120.651062 -120.627808 -120.604553 -120.581306 -120.558052 -120.534805 -120.511551 -120.488297 -120.46505 -120.441795 -120.418541 -120.395287 -120.37204 -120.348785 -120.325531 -120.302284 -120.27903 -120.255775 -120.232521 -120.209274 -120.18602 -120.162766 -120.139511 -120.116264 -120.09301 -120.069756 -120.046509 -120.023254 N N N N N N N N N N N N N N N N N N N N N N N N N
-121.162285 -121.139038 -121.115791 -121.092552 -121.069305 -121.046066 -121.02282 -120.999573 -120.976334 -120.953087 -120.92984 -120.906601 -120.883354 -120.860107 -120.836861 -120.813614 -120.790375 -120.767128 -120.743881 -120.720634 -120.697388 -120.674149 -120.650902 -120.627655 -120.604408 -120.581161 -120.557915 -120.534668 -120.511421 -120.488182 -120.464935 -120.441689 -120.418442 -120.395195 -120.371948 -120.348701 -120.325455 -120.302208 -120.278961 -120.255714 -120.232468 -120.209221 -120.185974 -120.162727 -120.139481 -120.116234 -120.092987 -120.06974 -120.046494 -120.023247 N N N N N N N N N N N N N N N N N N N N N N N N N
-121.161995 -121.138756 -121.115524 -121.092285 -121.069046 -121.045807 -121.022568 -120.999329 -120.976089 -120.95285 -120.929611 -120.906372 -120.883133 -120.859894 -120.836655 -120.813416 -120.790176 -120.766937 -120.743698 -120.720459 -120.69722 -120.673981 -120.650742 -120.627502 -120.604263 -120.581017 -120.557777 -120.534538 -120.511299 -120.48806 -120.464821 -120.441574 -120.418335 -120.395096 -120.371857 -120.348618 -120.325371 -120.302132 -120.278893 -120.255653 -120.232414 -120.209167 -120.185928 -120.162689 -120.13945 -120.116203 -120.092964 -120.069725 -120.046486 -120.023239 N N N N N N N N N N N N N N N N N N N N N N N N N
-121.161713 -121.138481 -121.11525 -121.092018 -121.068787 -121.045547 -121.022316 -120.999084 -120.975853 -120.952621 -120.929382 -120.906151 -120.882919 -120.859688 -120.836456 -120.813217 -120.789986 -120.766754 -120.743515 -120.720284 -120.697052 -120.673813 -120.650581 -120.62735 -120.604111 -120.580879 -120.55764 -120.534409 -120.511177 -120.487938 -120.464706 -120.441467 -120.418236 -120.394997 -120.371765 -120.348526 -120.325294 -120.302055 -120.278824 -120.255592 -120.232353 -120.209122 -120.185883 -120.162651 -120.139412 -120.11618 -120.092941 -120.06971 -120.046471 -120.023239 N N N N N N N N N N N N N N N N N N N N N N N N N
-121.16143 -121.138199 -121.114975 -121.091751 -121.06852 -121.045296 -121.022064 -120.99884 -120.975616 -120.952385 -120.929161 -120.90593 -120.882706 -120.859474 -120.83625 -120.813019 -120.789795 -120.766563 -120.743332 -120.720108 -120.696877 -120.673653 -120.650421 -120.62719 -120.603966 -120.580734 -120.557503 -120.534279 -120.511047 -120.487816 -120.464592 -120.44136 -120.418129 -120.394905 -120.371674 -120.348442 -120.325218 -120.301987 -120.278755 -120.255524 -120.2323 -120.209068 -120.185837 -120.162605 -120.139381 -120.11615 -120.092918 -120.069687 -120.046463 -120.023232 N N N N N N N N N N N N N N N N N N N N N N N N N
-121.16114 -121.137924 -121.1147 -121.091484 -121.06826 -121.045036 -121.02182 -120.998596 -120.975372 -120.952156 -120.928932 -120.905708 -120.882484 -120.859268 -120.836044 -120.81282 -120.789597 -120.766373 -120.743156 -120.719933 -120.696709 -120.673485 -120.650261 -120.627037 -120.603813 -120.580589 -120.557373 -120.534149 -120.510925 -120.487701 -120.464478 -120.441254 -120.41803 -120.394806 -120.371582 -120.348358 -120.325134 -120.30191 -120.278687 -120.255463 -120.232239 -120.209015 -120.185791 -120.162567 -120.139343 -120.116119 -120.092896 -120.069672 -120.046448 -120.023224 N N N N N N N N N N N N N N N N N N N N N N N N N
-121.160858 -121.137642 -121.114426 -121.091209 -121.068001 -121.044785 -121.021568 -120.998352 -120.975136 -120.95192 -120.928703 -120.905487 -120.882271 -120.859055 -120.835838 -120.812622 -120.789406 -120.76619 -120.742973 -120.719757 -120.696541 -120.673317 -120.650101 -120.626884 -120.603668 -120.580452 -120.557236 -120.534019 -120.510796 -120.487579 -120.464363 -120.441147 -120.417931 -120.394707 -120.37149 -120.348274 -120.325058 -120.301834 -120.278618 -120.255402 -120.232185 -120.208961 -120.185745 -120.162529 -120.139313 -120.116089 -120.092873 -120.069656 -120.04644 -120.023216 N N N N N N N N N N N N N N N N N N N N N N N N N
-121.160576 -121.137367 -121.114159 -121.090942 -121.067734 -121.044525 -121.021317 -120.998108 -120.974899 -120.951683 -120.928474 -120.905266 -120.882057 -120.858841 -120.835632 -120.812424 -120.789215 -120.765999 -120.74279 -120.719582 -120.696365 -120.673157 -120.64994 -120.626732 -120.603523 -120.580307 -120.557098 -120.533882 -120.510674 -120.487465 -120.464249 -120.44104 -120.417824 -120.394615 -120.371399 -120.34819 -120.324974 -120.301765 -120.278549 -120.255341 -120.232124 -120.208916 -120.185699 -120.162491 -120.139275 -120.116066 -120.09285 -120.069641 -120.046425 -120.023216 N N N N N N N N N N N N N N N N N N N N N N N N N
-121.160294 -121.137085 -121.113884 -121.090675 -121.067474 -121.044273 -121.021065 -120.997864 -120.974655 -120.951454 -120.928246 -120.905045 -120.881836 -120.858635 -120.835426 -120.812225 -120.789017 -120.765816 -120.742607 -120.719398 -120.696198 -120.672989 -120.649788 -120.626579 -120.603371 -120.58017 -120.556961 -120.533752 -120.510551 -120.487343 -120.464134 -120.440926 -120.417725 -120.394516 -120.371307 -120.348106 -120.324898 -120.301689 -120.278481 -120.25528 -120.232071 -120.208862 -120.185654 -120.162445 -120.139244 -120.116035 -120.092827 -120.069618 -120.046417 -120.023209 N N N N N N N N N N N N N N N N N N N N N N N N N
-121.160004 -121.13681 -121.113609 -121.090408 -121.067215 -121.044014 -121.020813 -120.99762 -120.974419 -120.951218 -120.928024 -120.904823 -120.881622 -120.858421 -120.835228 -120.812027 -120.788826 -120.765625 -120.742424 -120.719223 -120.696022 -120.672829 -120.649628 -120.626427 -120.603226 -120.580025 -120.556824 -120.533623 -120.510422 -120.487221 -120.46402 -120.440819 -120.417618 -120.394417 -120.371216 -120.348015 -120.324814 -120.301613 -120.278412 -120.255211 -120.23201 -120.208809 -120.185608 -120.162407 -120.139206 -120.116005 -120.092804 -120.069603 -120.046402 -120.023201 N N N N N N N N N N N N N N N N N N N N N N N N N
-121.159721 -121.136528 -121.113335 -121.090149 -121.066956 -121.043762 -121.020569 -120.997375 -120.974182 -120.950989 -120.927795 -120.904602 -120.881409 -120.858215 -120.835022 -120.811829 -120.788635 -120.765442 -120.742241 -120.719048 -120.695854 -120.672661 -120.649467 -120.626274 -120.603081 -120.57988 -120.556686 -120.533493 -120.5103 -120.487106 -120.463905 -120.440712 -120.417519 -120.394325 -120.371124 -120.347931 -120.324738 -120.301544 -120.278343 -120.25515 -120.231956 -120.208763 -120.185562 -120.162369 -120.139175 -120.115974 -120.092781 -120.069588 -120.046394 -120.023193 N N N N N N N N N N N N N N N N N N N N N N N N N
-121.159439 -121.136253 -121.113068 -121.089882 -121.066689 -121.043503 -121.020317 -120.997131 -120.973946 -120.950752 -120.927567 -120.904381 -120.881195 -120.858002 -120.834816 -120.81163 -120.788437 -120.765251 -120.742065 -120.718872 -120.695686 -120.672493 -120.649307 -120.626122 -120.602928 -120.579742 -120.556549 -120.533363 -120.51017 -120.486984 -120.463799 -120.440605 -120.417419 -120.394226 -120.37104 -120.347847 -120.324661 -120.301468 -120.278275 -120.255089 -120.231895 -120.20871 -120.185516 -120.162331 -120.139137 -120.115952 -120.092758 -120.069572 -120.046379 -120.023193 N N N N N N N N N N N N N N N N N N N N N N N N N
-121.159157 -121.135971 -121.112793 -121.089615 -121.066429 -121.043251 -121.020065 -120.996887 -120.973701 -120.950523 -120.927338 -120.90416 -120.880974 -120.857796 -120.83461 -120.811432 -120.788246 -120.76506 -120.741882 -120.718697 -120.695518 -120.672333 -120.649147 -120.625969 -120.602783 -120.579597 -120.556419 -120.533234 -120.510048 -120.486862 -120.463684 -120.440498 -120.417313 -120.394127 -120.370949 -120.347763 -120.324577 -120.301392 -120.278214 -120.255028 -120.231842 -120.208656 -120.185471 -120.162292 -120.139107 -120.115921 -120.092735 -120.06955 -120.046371 -120.023186 N N N N N N N N N N N N N N N N N N N N N N N N N
-121.158875 -121.135696 -121.112518 -121.089348 -121.06617 -121.042992 -121.019821 -120.996643 -120.973465 -120.950287 -120.927116 -120.903938 -120.88076 -120.857582 -120.834404 -120.811234 -120.788055 -120.764877 -120.741699 -120.718521 -120.695343 -120.672165 -120.648987 -120.625816 -120.602638 -120.57946 -120.556282 -120.533104 -120.509926 -120.486748 -120.46357 -120.440392 -120.417213 -120.394035 -120.370857 -120.347679 -120.324501 -120.301323 -120.278145 -120.254967 -120.231789 -120.208611 -120.185425 -120.162247 -120.139069 -120.115891 -120.092712 -120.069534 -120.046356 -120.023178 N N N N N N N N N N N N N N N N N N N N N N N N N
-121.158592 -121.135422 -121.112251 -121.089081 -121.06591 -121.04274 -121.019569 -120.996399 -120.973228 -120.950058 -120.926888 -120.903717 -120.880547 -120.857376 -120.834206 -120.811035 -120.787865 -120.764687 -120.741516 -120.718346 -120.695175 -120.672005 -120.648834 -120.625656 -120.602486 -120.579315 -120.556145 -120.532974 -120.509796 -120.486626 -120.463455 -120.440285 -120.417107 -120.393936 -120.370766 -120.347595 -120.324417 -120.301247 -120.278076 -120.254898 -120.231728 -120.208557 -120.185387 -120.162209 -120.139038 -120.115868 -120.09269 -120.069519 -120.046349 -120.02317 N N N N N N N N N N N N N N N N N N N N N N N N N
-121.158302 -121.135139 -121.111977 -121.088814 -121.065651 -121.042488 -121.019318 -120.996155 -120.972992 -120.949829 -120.926659 -120.903496 -120.880333 -120.857162 -120.834 -120.810837 -120.787666 -120.764503 -120.741341 -120.71817 -120.695007 -120.671837 -120.648674 -120.625504 -120.602341 -120.579178 -120.556007 -120.532845 -120.509674 -120.486511 -120.463341 -120.440178 -120.417007 -120.393845 -120.370674 -120.347504 -120.324341 -120.30117 -120.278008 -120.254837 -120.231674 -120.208504 -120.185341 -120.16217 -120.139 -120.115837 -120.092667 -120.069504 -120.046333 -120.02317 N N N N N N N N N N N N N N N N N N N N N N N N N
-121.15802 -121.134865 -121.11171 -121.088547 -121.065392 -121.042229 -121.019073 -120.995911 -120.972755 -120.949593 -120.926437 -120.903275 -120.880119 -120.856956 -120.833794 -120.810638 -120.787476 -120.764313 -120.741158 -120.717995 -120.694832 -120.671677 -120.648514 -120.625351 -120.602196 -120.579033 -120.55587 -120.532715 -120.509552 -120.486389 -120.463226 -120.440063 -120.416908 -120.393745 -120.370583 -120.34742 -120.324265 -120.301102 -120.277939 -120.254776 -120.231613 -120.20845 -120.185295 -120.162132 -120.138969 -120.115807 -120.092644 -120.069489 -120.046326 -120.023163 N N N N N N N N N N N N N N N N N N N N N N N N N
-121.157738 -121.13459 -121.111435 -121.08828 -121.065132 -121.041977 -121.018822 -120.995667 -120.972519 -120.949364 -120.926208 -120.903053 -120.879898 -120.856743 -120.833595 -120.81044 -120.787285 -120.76413 -120.740974 -120.717819 -120.694664 -120.671509 -120.648354 -120.625198 -120.602043 -120.578888 -120.555733 -120.532578 -120.509422 -120.486267 -120.463112 -120.439957 -120.416801 -120.393646 -120.370491 -120.347336 -120.324181 -120.301025 -120.27787 -120.254715 -120.23156 -120.208405 -120.185249 -120.162094 -120.138939 -120.115776 -120.092621 -120.069466 -120.04631 -120.023155 N N N N N N N N N N N N N N N N N N N N N N N N N
-121.157455 -121.134308 -121.11116 -121.088013 -121.064865 -121.041718 -121.01857 -120.995422 -120.972275 -120.949127 -120.92598 -120.902832 -120.879684 -120.856537 -120.833389 -120.810242 -120.787094 -120.763947 -120.740791 -120.717644 -120.694496 -120.671349 -120.648201 -120.625046 -120.601898 -120.578751 -120.555603 -120.532448 -120.5093 -120.486153 -120.463005 -120.43985 -120.416702 -120.393555 -120.370399 -120.347252 -120.324104 -120.300949 -120.277802 -120.254654 -120.231499 -120.208351 -120.185204 -120.162048 -120.138901 -120.115753 -120.092598 -120.06945 -120.046303 -120.023148 N N N N N N N N N N N N N N N N N N N N N N N N N
