src/viewer/etc/long.raster
north: 450000
south: -650000
east: 600000
west: -400000
rows: 550
cols: 500
[rows 0 to 32 of 550, columns 0 to 74 of 500]
N N N N N N N N N N N N N N N N N N N N N N N N N -124.217522 -124.193451 -124.16938 -124.145309 -124.121246 -124.097176 -124.073097 -124.049026 -124.024956 -124.000885 N N N N N N N N N N N N N N N N N N N N N N N N N N N N N N N N N N N N N N N N
N N N N N N N N N N N N N N N N N N N N N N N N N -124.216446 -124.19239 -124.168327 -124.144257 -124.120193 -124.09613 -124.072067 -124.048004 -124.023933 -123.99987 -123.9758 -123.951736 -123.927666 -123.903595 -123.879524 -123.855453 -123.831383 -123.807312 -123.783241 -123.759171 -123.7351 -123.711029 -123.686951 -123.66288 -123.638809 -123.614731 -123.59066 -123.566582 -123.542503 -123.518425 -123.494354 -123.470276 -123.446198 -123.422119 -123.398041 -123.373962 -123.349884 -123.325798 -123.30172 -123.277641 -123.253555 -123.229477 -123.205391 -123.181313 -123.157227 -123.133148 -123.109062 -123.084976 N N
N N N N N N N N N N N N N N N N N N N N N N N N N -124.215378 -124.191322 -124.167267 -124.143211 -124.119148 -124.095093 -124.07103 -124.046974 -124.022911 -123.998856 -123.974792 -123.950729 -123.926666 -123.902603 -123.87854 -123.854477 -123.830414 -123.806351 -123.78228 -123.758217 -123.734154 -123.710083 -123.68602 -123.661949 -123.637878 -123.613815 -123.589745 -123.565674 -123.541603 -123.517532 -123.493462 -123.469391 -123.44532 -123.421249 -123.397179 -123.3731 -123.34903 -123.324959 -123.30088 -123.27681 -123.252731 -123.228653 -123.204582 -123.180504 -123.156425 -123.132347 -123.108269 -123.08419 -123.060112 -123.036034
N N N N N N N N N N N N N N N N N N N N N N N N N N -124.190262 -124.166206 -124.142159 -124.118103 -124.094055 -124.07 -124.045944 -124.021889 -123.997833 -123.973785 -123.94973 -123.925667 -123.901611 -123.877556 -123.8535 -123.829437 -123.805382 -123.781326 -123.757263 -123.7332 -123.709145 -123.685081 -123.661018 -123.636955 -123.612892 -123.588837 -123.564766 -123.540703 -123.51664 -123.492577 -123.468513 -123.444443 -123.42038 -123.396317 -123.372246 -123.348183 -123.324112 -123.300041 -123.275978 -123.251907 -123.227837 -123.203766 -123.179695 -123.155624 -123.131554 -123.107483 -123.083412 -123.059341 -123.035263
N N N N N N N N N N N N N N N N N N N N N N N N N -124.213242 -124.189194 -124.165154 -124.141106 -124.117058 -124.09301 -124.06897 -124.044922 -124.020874 -123.996819 -123.972771 -123.948723 -123.924675 -123.90062 -123.876572 -123.852524 -123.828468 -123.804413 -123.780365 -123.75631 -123.732254 -123.708199 -123.684143 -123.660088 -123.636032 -123.611977 -123.587921 -123.563866 -123.53981 -123.515747 -123.491692 -123.467628 -123.443573 -123.41951 -123.395454 -123.371391 -123.347328 -123.323265 -123.299202 -123.275139 -123.251083 -123.227013 -123.20295 -123.178886 -123.154823 -123.13076 -123.106689 -123.082626 -123.058563 -123.034492
N N N N N N N N N N N N N N N N N N N N N N N N N -124.212173 -124.188133 -124.164093 -124.140053 -124.116013 -124.091972 -124.067932 -124.043892 -124.019852 -123.995811 -123.971764 -123.947723 -123.923676 -123.899635 -123.875587 -123.85154 -123.827499 -123.803452 -123.779404 -123.755356 -123.731308 -123.70726 -123.683212 -123.659164 -123.635109 -123.611061 -123.587013 -123.562958 -123.53891 -123.514854 -123.490807 -123.466751 -123.442696 -123.41864 -123.394592 -123.370537 -123.346481 -123.322426 -123.29837 -123.274315 -123.250252 -123.226196 -123.202141 -123.178078 -123.154022 -123.129967 -123.105904 -123.081848 -123.057785 -123.033722
N N N N N N N N N N N N N N N N N N N N N N N N N -124.211105 -124.187073 -124.16304 -124.139008 -124.114967 -124.090935 -124.066902 -124.04287 -124.018829 -123.994797 -123.970757 -123.946724 -123.922684 -123.898643 -123.874603 -123.850563 -123.826523 -123.802483 -123.778442 -123.754402 -123.730362 -123.706322 -123.682274 -123.658234 -123.634193 -123.610146 -123.586098 -123.562057 -123.53801 -123.513962 -123.489922 -123.465874 -123.441826 -123.417778 -123.39373 -123.369682 -123.345627 -123.321579 -123.297531 -123.273483 -123.249428 -123.22538 -123.201324 -123.177277 -123.153221 -123.129166 -123.105118 -123.081062 -123.057007 -123.032951
N N N N N N N N N N N N N N N N N N N N N N N N N -124.210037 -124.186005 -124.16198 -124.137955 -124.11393 -124.089897 -124.065872 -124.04184 -124.017815 -123.993782 -123.969749 -123.945717 -123.921684 -123.897652 -123.873619 -123.849586 -123.825554 -123.801521 -123.777489 -123.753448 -123.729416 -123.705376 -123.681343 -123.657303 -123.63327 -123.60923 -123.58519 -123.56115 -123.537109 -123.513077 -123.489037 -123.464989 -123.440948 -123.416908 -123.392868 -123.368828 -123.34478 -123.32074 -123.296692 -123.272652 -123.248604 -123.224564 -123.200516 -123.176468 -123.15242 -123.128372 -123.104332 -123.080284 -123.056236 -123.032181
N N N N N N N N N N N N N N N N N N N N N N N N -124.232986 -124.208969 -124.184944 -124.160927 -124.136902 -124.112885 -124.08886 -124.064842 -124.040817 -124.016792 -123.992767 -123.968742 -123.944717 -123.920692 -123.896667 -123.872643 -123.84861 -123.824585 -123.80056 -123.776527 -123.752502 -123.72847 -123.704437 -123.680412 -123.65638 -123.632347 -123.608315 -123.584282 -123.560249 -123.536217 -123.512184 -123.488152 -123.464111 -123.440079 -123.416046 -123.392006 -123.367973 -123.343933 -123.319893 -123.29586 -123.27182 -123.24778 -123.22374 -123.199699 -123.175659 -123.151619 -123.127579 -123.103539 -123.079498 -123.055458 -123.031418
N N N N N N N N N N N N N N N N N N N N N N N N -124.231911 -124.207901 -124.183884 -124.159874 -124.135857 -124.111839 -124.087822 -124.063812 -124.039795 -124.015778 -123.99176 -123.967735 -123.943718 -123.919701 -123.895676 -123.871658 -123.847641 -123.823616 -123.799591 -123.775574 -123.751549 -123.727524 -123.703499 -123.679474 -123.655449 -123.631424 -123.607399 -123.583374 -123.559349 -123.535316 -123.511292 -123.487267 -123.463234 -123.439209 -123.415176 -123.391144 -123.367119 -123.343086 -123.319054 -123.295021 -123.270988 -123.246956 -123.222923 -123.198891 -123.174858 -123.150826 -123.126785 -123.102753 -123.07872 -123.05468 -123.030647
N N N N N N N N N N N N N N N N N N N N N N N N -124.230843 -124.206833 -124.182823 -124.158821 -124.134811 -124.110802 -124.086792 -124.062782 -124.038765 -124.014755 -123.990746 -123.966736 -123.942719 -123.918709 -123.894691 -123.870674 -123.846664 -123.822647 -123.79863 -123.774612 -123.750595 -123.726578 -123.70256 -123.678543 -123.654526 -123.630508 -123.606483 -123.582466 -123.558441 -123.534424 -123.510399 -123.486382 -123.462357 -123.438332 -123.414314 -123.390289 -123.366264 -123.342239 -123.318214 -123.294189 -123.270164 -123.246132 -123.222107 -123.198082 -123.174049 -123.150024 -123.125999 -123.101967 -123.077934 -123.053909 -123.029877
N N N N N N N N N N N N N N N N N N N N N N N -124.253769 -124.229767 -124.205765 -124.18177 -124.157761 -124.133759 -124.109756 -124.085754 -124.061752 -124.037743 -124.013741 -123.989731 -123.965729 -123.941719 -123.917709 -123.893707 -123.869698 -123.845688 -123.821678 -123.797668 -123.773659 -123.749649 -123.725639 -123.701622 -123.677612 -123.653595 -123.629585 -123.605568 -123.581558 -123.557541 -123.533531 -123.509514 -123.485497 -123.461479 -123.437462 -123.413445 -123.389427 -123.36541 -123.341393 -123.317375 -123.29335 -123.269333 -123.245308 -123.221291 -123.197273 -123.173248 -123.149223 -123.125206 -123.101181 -123.077156 -123.053131 -123.029106
N N N N N N N N N N N N N N N N N N N N N N N -124.252693 -124.228699 -124.204704 -124.18071 -124.156708 -124.132713 -124.108719 -124.084717 -124.060722 -124.03672 -124.012726 -123.988724 -123.964722 -123.94072 -123.916718 -123.892715 -123.868713 -123.844711 -123.820709 -123.796707 -123.772705 -123.748695 -123.724693 -123.700684 -123.676682 -123.652672 -123.628662 -123.60466 -123.58065 -123.556641 -123.532631 -123.508621 -123.484612 -123.460602 -123.436592 -123.412582 -123.388565 -123.364555 -123.340546 -123.316528 -123.292519 -123.268501 -123.244492 -123.220474 -123.196457 -123.172447 -123.14843 -123.124413 -123.100395 -123.076378 -123.052361 -123.028343
N N N N N N N N N N N N N N N N N N N N N N N N -124.227631 -124.203636 -124.179649 -124.155663 -124.131668 -124.107674 -124.083687 -124.059692 -124.035698 -124.011703 -123.987717 -123.963722 -123.939728 -123.915726 -123.891731 -123.867737 -123.843742 -123.81974 -123.795746 -123.771744 -123.747749 -123.723747 -123.699745 -123.675751 -123.651749 -123.627747 -123.603745 -123.579742 -123.55574 -123.531738 -123.507736 -123.483727 -123.459724 -123.435722 -123.411713 -123.387711 -123.363701 -123.339699 -123.315689 -123.291687 -123.267677 -123.243668 -123.219658 -123.195648 -123.171638 -123.147629 -123.123619 -123.099609 -123.0756 -123.05159 -123.027573
N N N N N N N N N N N N N N N N N N N N N N N N N N -124.178589 -124.15461 -124.130623 -124.106636 -124.082649 -124.058662 -124.034676 -124.010689 -123.986702 -123.962715 -123.938728 -123.914734 -123.890747 -123.86676 -123.842766 -123.818779 -123.794785 -123.77079 -123.746796 -123.722809 -123.698814 -123.67482 -123.650826 -123.626831 -123.602829 -123.578835 -123.55484 -123.530846 -123.506844 -123.482849 -123.458847 -123.434853 -123.410851 -123.386856 -123.362854 -123.338852 -123.31485 -123.290848 -123.266846 -123.242844 -123.218842 -123.194839 -123.170837 -123.146835 -123.122826 -123.098824 -123.074821 -123.050812 -123.02681
N N N N N N N N N N N N N N N N N N N N N N N N N N N -124.153557 -124.129578 -124.105598 -124.081619 -124.05764 -124.033661 -124.009674 -123.985695 -123.961716 -123.937729 -123.91375 -123.889763 -123.865776 -123.841797 -123.81781 -123.793823 -123.769836 -123.74585 -123.721863 -123.697876 -123.673889 -123.649902 -123.625908 -123.601921 -123.577934 -123.55394 -123.529953 -123.505959 -123.481964 -123.457977 -123.433983 -123.409988 -123.385994 -123.362 -123.338005 -123.314011 -123.290016 -123.266022 -123.242027 -123.218025 -123.194031 -123.170036 -123.146034 -123.12204 -123.098038 -123.074043 -123.050041 -123.026039
N N N N N N N N N N N N N N N N N N N N N N N N N N N -124.152504 -124.128532 -124.104561 -124.080582 -124.05661 -124.032639 -124.008659 -123.984688 -123.960709 -123.936737 -123.912758 -123.888779 -123.864799 -123.84082 -123.816841 -123.792862 -123.768883 -123.744904 -123.720924 -123.696938 -123.672958 -123.648972 -123.624992 -123.601006 -123.577026 -123.55304 -123.529053 -123.505074 -123.481087 -123.4571 -123.433113 -123.409126 -123.385139 -123.361153 -123.337158 -123.313171 -123.289185 -123.265198 -123.241203 -123.217216 -123.193222 -123.169235 -123.145241 -123.121246 -123.097252 -123.073265 -123.049271 -123.025276
N N N N N N N N N N N N N N N N N N N N N N N N N N N -124.151451 -124.127487 -124.103523 -124.079552 -124.055588 -124.031616 -124.007645 -123.983681 -123.959709 -123.935738 -123.911766 -123.887794 -123.863823 -123.839851 -123.81588 -123.791901 -123.767929 -123.743958 -123.719978 -123.696007 -123.672028 -123.648048 -123.624077 -123.600098 -123.576118 -123.552139 -123.52816 -123.504181 -123.480202 -123.456223 -123.432243 -123.408264 -123.384277 -123.360298 -123.336319 -123.312332 -123.288353 -123.264366 -123.240387 -123.2164 -123.192413 -123.168427 -123.144447 -123.120461 -123.096474 -123.072487 -123.0485 -123.024513
N N N N N N N N N N N N N N N N N N N N N N N N N N N -124.150406 -124.126442 -124.102486 -124.078522 -124.054558 -124.030594 -124.006638 -123.982674 -123.95871 -123.934746 -123.910774 -123.88681 -123.862846 -123.838882 -123.814911 -123.790947 -123.766975 -123.743011 -123.71904 -123.695068 -123.671097 -123.647133 -123.623161 -123.59919 -123.575218 -123.551247 -123.527267 -123.503296 -123.479324 -123.455353 -123.431374 -123.407402 -123.383423 -123.359451 -123.335472 -123.311493 -123.287521 -123.263542 -123.239563 -123.215584 -123.191605 -123.167625 -123.143646 -123.119667 -123.095688 -123.071709 -123.047729 -123.023743
N N N N N N N N N N N N N N N N N N N N N N N N N N N N -124.125404 -124.101448 -124.077492 -124.053535 -124.029579 -124.005623 -123.981667 -123.957703 -123.933746 -123.90979 -123.885826 -123.86187 -123.837906 -123.81395 -123.789986 -123.766022 -123.742058 -123.718102 -123.694138 -123.670174 -123.64621 -123.622246 -123.598274 -123.57431 -123.550346 -123.526375 -123.502411 -123.478447 -123.454475 -123.430504 -123.40654 -123.382568 -123.358597 -123.334633 -123.310661 -123.28669 -123.262718 -123.238747 -123.214775 -123.190796 -123.166824 -123.142853 -123.118881 -123.094902 -123.07093 -123.046959 -123.02298
N N N N N N N N N N N N N N N N N N N N N N N N N N N N -124.124359 -124.10041 -124.076462 -124.052513 -124.028557 -124.004608 -123.980659 -123.956703 -123.932755 -123.908798 -123.88485 -123.860893 -123.836937 -123.812981 -123.789024 -123.765068 -123.741112 -123.717155 -123.693199 -123.669243 -123.645287 -123.621323 -123.597366 -123.57341 -123.549446 -123.52549 -123.501526 -123.477562 -123.453606 -123.429642 -123.405678 -123.381714 -123.35775 -123.333786 -123.309822 -123.285858 -123.261894 -123.237923 -123.213959 -123.189995 -123.166023 -123.142059 -123.118088 -123.094124 -123.070152 -123.046188 -123.022217
N N N N N N N N N N N N N N N N N N N N N N N N N N N N -124.123314 -124.099373 -124.075432 -124.051483 -124.027542 -124.003593 -123.979652 -123.955704 -123.931755 -123.907814 -123.883865 -123.859917 -123.835968 -123.812019 -123.788071 -123.764122 -123.740173 -123.716217 -123.692268 -123.668312 -123.644363 -123.620407 -123.596458 -123.572502 -123.548553 -123.524597 -123.500641 -123.476685 -123.452728 -123.428772 -123.404816 -123.380859 -123.356903 -123.332947 -123.308983 -123.285027 -123.26107 -123.237106 -123.21315 -123.189186 -123.165222 -123.141266 -123.117302 -123.093338 -123.069374 -123.045418 -123.021454
N N N N N N N N N N N N N N N N N N N N N N N N N N N N N -124.098335 -124.074402 -124.050461 -124.026527 -124.002586 -123.978645 -123.954704 -123.930763 -123.906822 -123.882881 -123.85894 -123.834999 -123.811058 -123.787109 -123.763168 -123.739227 -123.715279 -123.691338 -123.667389 -123.64344 -123.619499 -123.595551 -123.571602 -123.547653 -123.523705 -123.499756 -123.475807 -123.451859 -123.42791 -123.403954 -123.380005 -123.356056 -123.3321 -123.308151 -123.284195 -123.260239 -123.23629 -123.212334 -123.188377 -123.164429 -123.140472 -123.116516 -123.09256 -123.068604 -123.044647 -123.020691
N N N N N N N N N N N N N N N N N N N N N N N N N N N N N -124.097305 -124.073372 -124.049438 -124.025505 -124.001572 -123.977638 -123.953705 -123.929771 -123.905838 -123.881905 -123.857964 -123.83403 -123.810097 -123.786156 -123.762215 -123.738281 -123.71434 -123.690399 -123.666466 -123.642525 -123.618584 -123.594643 -123.570702 -123.546761 -123.522812 -123.498871 -123.47493 -123.450981 -123.42704 -123.403099 -123.37915 -123.355202 -123.331261 -123.307312 -123.283363 -123.259422 -123.235474 -123.211525 -123.187576 -123.163628 -123.139679 -123.11573 -123.091774 -123.067825 -123.043877 -123.01992
N N N N N N N N N N N N N N N N N N N N N N N N N N N N N -124.096268 -124.072342 -124.048416 -124.02449 -124.000565 -123.976639 -123.952705 -123.92878 -123.904854 -123.88092 -123.856995 -123.833061 -123.809128 -123.785202 -123.761269 -123.737335 -123.713402 -123.689468 -123.665535 -123.641602 -123.617668 -123.593735 -123.569794 -123.54586 -123.521927 -123.497986 -123.474052 -123.450111 -123.426178 -123.402237 -123.378296 -123.354355 -123.330414 -123.30648 -123.282539 -123.258598 -123.234657 -123.210709 -123.186768 -123.162827 -123.138885 -123.114937 -123.090996 -123.067055 -123.043106 -123.019157
N N N N N N N N N N N N N N N N N N N N N N N N N N N N N -124.09523 -124.071312 -124.047394 -124.023476 -123.99955 -123.975632 -123.951714 -123.927788 -123.903862 -123.879944 -123.856018 -123.832092 -123.808167 -123.784241 -123.760315 -123.736389 -123.712463 -123.688538 -123.664612 -123.640686 -123.616753 -123.592827 -123.568893 -123.544968 -123.521034 -123.497101 -123.473175 -123.449242 -123.425308 -123.401375 -123.377441 -123.353508 -123.329575 -123.305641 -123.281708 -123.257774 -123.233833 -123.2099 -123.185966 -123.162025 -123.138092 -123.114151 -123.090218 -123.066277 -123.042336 -123.018402
N N N N N N N N N N N N N N N N N N N N N N N N N N N N N -124.0942 -124.07029 -124.046371 -124.022461 -123.998543 -123.974632 -123.950714 -123.926796 -123.902878 -123.87896 -123.855042 -123.831123 -123.807205 -123.783287 -123.759369 -123.735451 -123.711525 -123.687607 -123.663689 -123.639763 -123.615845 -123.591919 -123.567993 -123.544067 -123.520149 -123.496223 -123.472298 -123.448372 -123.424446 -123.40052 -123.376595 -123.352661 -123.328735 -123.30481 -123.280876 -123.25695 -123.233017 -123.209091 -123.185158 -123.161232 -123.137299 -123.113365 -123.089432 -123.065498 -123.041573 -123.017639
N N N N N N N N N N N N N N N N N N N N N N N N N N N N N -124.09317 -124.06926 -124.045349 -124.021446 -123.997536 -123.973625 -123.949715 -123.925804 -123.901894 -123.877983 -123.854073 -123.830162 -123.806244 -123.782333 -123.758423 -123.734505 -123.710594 -123.686676 -123.662758 -123.638847 -123.614929 -123.591011 -123.567093 -123.543175 -123.519257 -123.495338 -123.47142 -123.447502 -123.423576 -123.399658 -123.37574 -123.351814 -123.327896 -123.30397 -123.280052 -123.256126 -123.232201 -123.208282 -123.184357 -123.160431 -123.136505 -123.112579 -123.088654 -123.064728 -123.040802 -123.016876
N N N N N N N N N N N N N N N N N N N N N N N N N N N N N N -124.06823 -124.044334 -124.020432 -123.996529 -123.972626 -123.948723 -123.924812 -123.900909 -123.877007 -123.853104 -123.829193 -123.80529 -123.78138 -123.757469 -123.733566 -123.709656 -123.685745 -123.661835 -123.637924 -123.614014 -123.590103 -123.566193 -123.542282 -123.518372 -123.494453 -123.470543 -123.446632 -123.422714 -123.398804 -123.374886 -123.350975 -123.327057 -123.303139 -123.279221 -123.255302 -123.231392 -123.207474 -123.183556 -123.15963 -123.135712 -123.111794 -123.087875 -123.063957 -123.040031 -123.016113
N N N N N N N N N N N N N N N N N N N N N N N N N N N N N N -124.067207 -124.043312 -124.019417 -123.995522 -123.971619 -123.947723 -123.923828 -123.899925 -123.87603 -123.852127 -123.828224 -123.804329 -123.780426 -123.756523 -123.73262 -123.708717 -123.684814 -123.660912 -123.637009 -123.613106 -123.589203 -123.565292 -123.541389 -123.517479 -123.493576 -123.469666 -123.445763 -123.421852 -123.397942 -123.374039 -123.350128 -123.326218 -123.302307 -123.278397 -123.254486 -123.230576 -123.206657 -123.182747 -123.158836 -123.134926 -123.111008 -123.087097 -123.063179 -123.039268 -123.01535
N N N N N N N N N N N N N N N N N N N N N N N N N N N N N N -124.066185 -124.04229 -124.018402 -123.994514 -123.970619 -123.946732 -123.922836 -123.898941 -123.875053 -123.851158 -123.827263 -123.803368 -123.779472 -123.755577 -123.731682 -123.707787 -123.683884 -123.659988 -123.636093 -123.61219 -123.588295 -123.564392 -123.540497 -123.516594 -123.492691 -123.468796 -123.444893 -123.42099 -123.397087 -123.373184 -123.349281 -123.325378 -123.301476 -123.277565 -123.253662 -123.229759 -123.205849 -123.181946 -123.158043 -123.134132 -123.110222 -123.086319 -123.062408 -123.038498 -123.014587
N N N N N N N N N N N N N N N N N N N N N N N N N N N N N N -124.065155 -124.041275 -124.017387 -123.993507 -123.96962 -123.945732 -123.921844 -123.897957 -123.874077 -123.850189 -123.826294 -123.802406 -123.778519 -123.754631 -123.730743 -123.706848 -123.682961 -123.659065 -123.635178 -123.611282 -123.587387 -123.563499 -123.539604 -123.515709 -123.491814 -123.467918 -123.444023 -123.420128 -123.396233 -123.372337 -123.348434 -123.324539 -123.300644 -123.276741 -123.252846 -123.228943 -123.20504 -123.181145 -123.157242 -123.133339 -123.109444 -123.085541 -123.061638 -123.037735 -123.013832
N N N N N N N N N N N N N N N N N N N N N N N N N N N N N N -124.064133 -124.040253 -124.01638 -123.9925 -123.96862 -123.94474 -123.92086 -123.89698 -123.8731 -123.849213 -123.825333 -123.801453 -123.777565 -123.753685 -123.729797 -123.705917 -123.68203 -123.658142 -123.634262 -123.610374 -123.586487 -123.562599 -123.538712 -123.514824 -123.490936 -123.467041 -123.443153 -123.419266 -123.395378 -123.371483 -123.347595 -123.3237 -123.299805 -123.275917 -123.252022 -123.228127 -123.204239 -123.180344 -123.156448 -123.132553 -123.108658 -123.084763 -123.060867 -123.036964 -123.013069
